Document 1
array([8.09214760e-01, 1.90077932e-05, 5.74436441e-02, 5.29310475e-02,
       1.90077932e-05, 7.07773613e-02, 4.44297615e-03, 1.90077932e-05,
       5.11417928e-03, 1.90077932e-05])
Document 2
array([2.28258388e-05, 3.52284861e-01, 2.28258388e-05, 2.28258388e-05,
       3.78622544e-01, 7.02193568e-02, 2.28258388e-05, 2.26768932e-02,
       1.76082215e-01, 2.28258388e-05])
Document 3
array([2.80033604e-05, 2.80033604e-05, 2.80033604e-05, 2.80033604e-05,
       9.91331365e-01, 8.44460821e-03, 2.80033604e-05, 2.80033604e-05,
       2.80033604e-05, 2.80033604e-05])
Document 4
array([8.29086971e-03, 4.34981681e-02, 1.55255395e-05, 3.40462716e-02,
       8.19759654e-01, 5.38660837e-02, 2.39173287e-02, 2.88419295e-04,
       1.63021535e-02, 1.55255395e-05])
Document 5
array([3.88953715e-05, 9.99649942e-01, 3.88953715e-05, 3.88953715e-05,
       3.88953715e-05, 3.88953715e-05, 3.88953715e-05, 3.88953715e-05,
       3.88953715e-05, 3.88953715e-05])
Document 6
array([1.15059212e-02, 9.75033588e-01, 2.65886732e-05, 2.65886732e-05,
       2.65886732e-05, 2.65886732e-05, 2.65886732e-05, 2.65886732e-05,
       1.32743700e-02, 2.65886732e-05])
Document 7
array([3.66166239e-05, 9.85954884e-01, 3.66166239e-05, 3.66166239e-05,
       3.66166239e-05, 3.66166239e-05, 3.66166239e-05, 1.37521827e-02,
       3.66166239e-05, 3.66166239e-05])
Document 8
array([4.21297306e-02, 3.07181493e-01, 2.44439012e-05, 8.63146365e-02,
       2.48795001e-01, 1.69320596e-01, 4.65095219e-02, 7.09422349e-03,
       7.27228211e-02, 1.99075322e-02])
Document 9
array([1.04373239e-05, 1.01808546e-04, 1.04373239e-05, 1.04373239e-05,
       1.07132133e-05, 2.13315687e-05, 1.04373239e-05, 9.45709999e-01,
       4.96398275e-02, 4.47457113e-03])
Document 10
array([9.08265213e-05, 9.08265213e-05, 9.08265213e-05, 2.33369381e-03,
       9.08265213e-05, 9.08265213e-05, 9.08265213e-05, 9.41374960e-01,
       5.56555609e-02, 9.08265213e-05])
Document 11
array([2.03210730e-05, 7.85907883e-02, 2.03210730e-05, 2.03210730e-05,
       5.09131743e-02, 2.03210730e-05, 4.12795356e-03, 5.41161378e-01,
       3.25105100e-01, 2.03210730e-05])
Document 12
array([1.41222991e-05, 1.41222991e-05, 1.41222991e-05, 9.33977244e-03,
       8.81022858e-03, 3.31926938e-02, 1.97301020e-02, 1.41222991e-05,
       9.28856592e-01, 1.41222991e-05])
Document 13
array([9.15648290e-01, 2.06143063e-05, 4.05898468e-02, 2.31461106e-02,
       2.06143063e-05, 2.04920669e-02, 2.06143063e-05, 2.06143063e-05,
       2.06143063e-05, 2.06143063e-05])
Document 14
array([8.57788358e-01, 2.96647879e-05, 9.27392645e-02, 1.44759710e-02,
       2.96647879e-05, 3.48184174e-02, 2.96647879e-05, 2.96647879e-05,
       2.96647879e-05, 2.96647879e-05])
Document 15
array([8.68457878e-01, 2.21190002e-05, 1.31365170e-01, 2.21190002e-05,
       2.21190002e-05, 2.21190002e-05, 2.21190002e-05, 2.21190002e-05,
       2.21190002e-05, 2.21190002e-05])
Document 16
array([9.86760684e-01, 1.66638894e-05, 1.31060050e-02, 1.66638894e-05,
       1.66638894e-05, 1.66638894e-05, 1.66638894e-05, 1.66638894e-05,
       1.66638894e-05, 1.66638894e-05])
Document 17
array([9.94260437e-01, 2.04039992e-05, 5.57633139e-03, 2.04039992e-05,
       2.04039992e-05, 2.04039992e-05, 2.04039992e-05, 2.04039992e-05,
       2.04039992e-05, 2.04039992e-05])
Document 18
array([9.14936458e-01, 2.22667557e-05, 5.84958062e-03, 2.47439851e-02,
       2.22667557e-05, 3.37441930e-02, 2.06144496e-02, 2.22667557e-05,
       2.22667557e-05, 2.22667557e-05])
Document 19
array([2.63261901e-02, 8.11915502e-03, 4.03063281e-05, 4.03063281e-05,
       4.03063281e-05, 8.59464399e-01, 4.03063281e-05, 4.03063281e-05,
       1.05848418e-01, 4.03063281e-05])
Document 20
array([3.57501005e-02, 7.66603337e-02, 1.35482997e-05, 1.35482997e-05,
       2.97690281e-02, 7.11679341e-01, 1.45733726e-03, 3.61965866e-02,
       1.08446628e-01, 1.35482997e-05])
Document 21
array([3.77456286e-02, 3.46851491e-01, 3.37931309e-03, 1.01178060e-03,
       3.57997489e-01, 3.69470940e-02, 2.96647879e-05, 1.13217125e-01,
       1.02790749e-01, 2.96647879e-05])
Document 22
array([2.19180695e-02, 6.92517000e-01, 5.28792766e-06, 1.27961045e-02,
       1.48010574e-01, 4.57121566e-02, 1.18074669e-02, 1.64643569e-02,
       4.30464675e-02, 7.72251609e-03])
Document 23
array([6.87160705e-03, 6.33987884e-01, 1.52415790e-05, 9.40573845e-03,
       3.44113492e-02, 2.94467845e-01, 1.52415790e-05, 1.52415790e-05,
       2.07946100e-02, 1.52415790e-05])
Document 24
array([6.52709730e-02, 8.70870688e-01, 1.27210279e-05, 1.27210279e-05,
       3.40698584e-02, 2.42876542e-02, 1.27210279e-05, 1.27210279e-05,
       5.43722117e-03, 1.27210279e-05])
Document 25
array([0.00243902, 0.00243902, 0.00243902, 0.00243902, 0.00243902,
       0.00243902, 0.00243902, 0.97804878, 0.00243902, 0.00243902])
Document 26
array([0.00322581, 0.00322581, 0.00322581, 0.00322581, 0.00322581,
       0.00322581, 0.00322581, 0.97096774, 0.00322581, 0.00322581])
Document 27
array([3.12162506e-03, 1.31268326e-01, 1.52881822e-05, 7.24658007e-03,
       9.79087992e-02, 1.35749092e-01, 1.52881822e-05, 1.11176792e-03,
       6.23547945e-01, 1.52881822e-05])
Document 28
array([3.43048124e-02, 5.80909671e-01, 3.34161631e-02, 2.64722003e-02,
       1.34241356e-01, 1.19360140e-01, 1.18173070e-02, 1.50353330e-05,
       5.94482794e-02, 1.50353330e-05])
Document 29
array([1.02986612e-04, 9.63970073e-01, 1.02986612e-04, 1.02986612e-04,
       1.02986612e-04, 1.02986612e-04, 1.02986612e-04, 3.52060339e-02,
       1.02986612e-04, 1.02986612e-04])
Document 30
array([4.99750125e-05, 3.74577474e-01, 4.99750125e-05, 4.99750125e-05,
       4.99750125e-05, 6.21844827e-01, 4.99750125e-05, 4.99750125e-05,
       4.99750125e-05, 3.22787446e-03])
Document 31
array([9.76306111e-03, 8.18234079e-01, 1.26406270e-05, 1.26406270e-05,
       1.48091943e-01, 3.22383253e-05, 1.26406270e-05, 2.38154755e-02,
       1.26406270e-05, 1.26406270e-05])
Document 32
array([0.00243902, 0.00243902, 0.00243902, 0.00243902, 0.00243902,
       0.00243902, 0.00243902, 0.97804878, 0.00243902, 0.00243902])
Document 33
array([0.00062112, 0.00062112, 0.00062112, 0.00062112, 0.14973231,
       0.60160751, 0.00062112, 0.00062112, 0.24431236, 0.00062112])
Document 34
array([1.90068451e-02, 1.31720807e-02, 1.01409593e-05, 1.01409593e-05,
       1.43907635e-02, 1.24306389e-01, 1.01409593e-05, 4.46056308e-03,
       8.16363711e-01, 8.26922458e-03])
Document 35
array([8.12736584e-05, 2.00713343e-02, 1.29652517e-02, 5.90739396e-02,
       3.93545848e-05, 3.93545848e-05, 7.91233785e-02, 4.45371716e-02,
       7.68184294e-01, 1.58846471e-02])
Document 36
array([9.18811017e-01, 2.71589270e-02, 1.60784407e-02, 1.46392559e-02,
       4.94804552e-05, 4.94804552e-05, 2.30649567e-02, 4.94804552e-05,
       4.94804552e-05, 4.94804552e-05])
Document 37
array([6.75632599e-01, 5.71102227e-05, 2.00451629e-01, 5.71102227e-05,
       5.45691159e-02, 5.71102227e-05, 4.18638656e-02, 2.71972386e-02,
       5.71102227e-05, 5.71102227e-05])
Document 38
array([9.45923877e-01, 3.02114804e-04, 5.16592048e-02, 3.02114804e-04,
       3.02114804e-04, 3.02114804e-04, 3.02114804e-04, 3.02114804e-04,
       3.02114804e-04, 3.02114804e-04])
Document 39
array([7.52456046e-01, 7.16456480e-02, 1.44652060e-01, 3.08914263e-02,
       5.91366056e-05, 5.91366056e-05, 5.91366056e-05, 5.91366056e-05,
       5.91366056e-05, 5.91366056e-05])
Document 40
array([9.20342591e-01, 1.65535507e-05, 1.62227111e-02, 1.65603629e-05,
       1.23389808e-02, 3.78143420e-02, 1.31986010e-02, 1.65535507e-05,
       1.65535507e-05, 1.65535507e-05])
Document 41
array([9.50453976e-01, 4.35331505e-06, 7.45194142e-04, 3.39763583e-02,
       2.06029015e-03, 4.35331505e-06, 4.35331505e-06, 4.35331505e-06,
       1.27424150e-02, 4.35331505e-06])
Document 42
array([7.02459194e-01, 1.19781599e-01, 4.16493128e-05, 5.16749623e-02,
       5.11045354e-02, 4.16493128e-05, 4.16493128e-05, 2.91082593e-02,
       4.57048522e-02, 4.16493128e-05])
Document 43
array([1.61030596e-04, 7.00488430e-01, 1.61030596e-04, 1.61030596e-04,
       1.61030596e-04, 2.98223325e-01, 1.61030596e-04, 1.61030596e-04,
       1.61030596e-04, 1.61030596e-04])
Document 44
array([1.07411386e-04, 8.96335360e-02, 1.73772725e-01, 1.14882272e-01,
       1.07411386e-04, 6.21066999e-01, 1.07411386e-04, 1.07411386e-04,
       1.07411386e-04, 1.07411386e-04])
Document 45
array([7.99377805e-04, 2.42430220e-02, 3.28452326e-02, 2.44146996e-02,
       8.19142943e-01, 3.06282057e-02, 1.20904365e-05, 1.20904365e-05,
       6.78902484e-02, 1.20904365e-05])
Document 46
array([4.21762969e-05, 4.21762969e-05, 4.79319164e-02, 4.21762969e-05,
       9.51730673e-01, 4.21762969e-05, 4.21762969e-05, 4.21762969e-05,
       4.21762969e-05, 4.21762969e-05])
Document 47
array([2.45037981e-05, 3.51296523e-03, 2.45037981e-05, 2.45037981e-05,
       8.12714639e-01, 1.39375990e-01, 2.45037981e-05, 2.45037981e-05,
       4.42493827e-02, 2.45037981e-05])
Document 48
array([3.06435879e-05, 7.04444090e-01, 1.76647235e-05, 1.76647235e-05,
       5.19289808e-02, 1.09542415e-01, 1.76647235e-05, 2.75938003e-02,
       1.06389411e-01, 1.76647235e-05])
Document 49
array([2.65181649e-05, 9.85708779e-01, 2.65181649e-05, 2.65181649e-05,
       1.40783787e-02, 2.65181649e-05, 2.65181649e-05, 2.65181649e-05,
       2.65181649e-05, 2.72150680e-05])
Document 50
array([1.60797886e-02, 5.59667296e-01, 3.03859009e-05, 3.03859009e-05,
       1.71956137e-02, 1.17479590e-01, 5.18935881e-02, 1.94311186e-01,
       4.32817797e-02, 3.03859009e-05])
Document 51
array([2.05025811e-03, 7.92294706e-01, 1.32221325e-02, 1.63834971e-02,
       7.22809100e-02, 9.42910391e-02, 1.87582067e-05, 1.87582067e-05,
       9.42118308e-03, 1.87582067e-05])
Document 52
array([3.70233247e-05, 6.15508685e-01, 3.70233247e-05, 3.70233247e-05,
       2.46998441e-01, 3.98455576e-02, 4.03438460e-02, 5.71183530e-02,
       3.70233247e-05, 3.70233247e-05])
Document 53
array([2.47778869e-02, 7.77007637e-01, 9.37998312e-06, 9.37998312e-06,
       2.08340806e-02, 5.69715626e-02, 3.32082305e-02, 1.21404423e-02,
       1.28648409e-02, 6.21765592e-02])
Document 54
array([9.03260771e-06, 9.38210262e-01, 7.79005135e-03, 9.03260771e-06,
       7.06339635e-03, 9.03260771e-06, 9.03260771e-06, 6.53628594e-03,
       2.59681178e-03, 3.77670618e-02])
Document 55
array([5.00684204e-02, 5.66630539e-01, 2.18292949e-05, 1.60361500e-02,
       9.25658040e-02, 1.36828188e-01, 8.93242623e-02, 2.18292949e-05,
       4.84811486e-02, 2.18292949e-05])
Document 56
array([3.55662642e-02, 9.20365159e-01, 1.45116819e-05, 1.45116819e-05,
       2.61221036e-02, 1.00051967e-02, 1.45116819e-05, 9.35378925e-04,
       1.45116819e-05, 6.94785066e-03])
Document 57
array([4.94441101e-02, 7.41109749e-03, 2.53180959e-02, 2.56206010e-02,
       8.98599833e-03, 5.82016524e-02, 6.36612548e-03, 2.98064466e-02,
       7.88836127e-01, 9.74563883e-06])
Document 58
array([1.31388779e-05, 4.25792128e-01, 1.31388779e-05, 1.45036496e-02,
       5.92923446e-04, 9.31875095e-02, 1.97449394e-02, 2.02219246e-02,
       3.24256851e-01, 1.01673797e-01])
Document 59
array([6.41404059e-02, 6.82069058e-03, 8.94446879e-01, 9.29351779e-03,
       7.08399931e-03, 9.18887853e-03, 9.34830779e-04, 4.92829333e-06,
       8.08094173e-03, 4.92829333e-06])
Document 60
array([4.24109457e-01, 3.54663417e-02, 5.17616171e-01, 5.87889477e-05,
       5.87889477e-05, 5.87889477e-05, 5.87889477e-05, 5.87889477e-05,
       2.24552967e-02, 5.87889477e-05])
Document 61
array([8.47862403e-01, 2.39265527e-02, 7.74803661e-02, 3.90223543e-02,
       2.86712242e-03, 5.08621128e-06, 8.82085693e-03, 5.08621128e-06,
       5.08621128e-06, 5.08621128e-06])
Document 62
array([5.10430923e-01, 1.31406045e-04, 4.88517828e-01, 1.31406045e-04,
       1.31406045e-04, 1.31406045e-04, 1.31406045e-04, 1.31406045e-04,
       1.31406045e-04, 1.31406045e-04])
Document 63
array([8.97378043e-01, 9.60614793e-05, 1.01853466e-01, 9.60614793e-05,
       9.60614793e-05, 9.60614793e-05, 9.60614793e-05, 9.60614793e-05,
       9.60614793e-05, 9.60614793e-05])
Document 64
array([9.97768855e-01, 2.43309002e-04, 2.43309002e-04, 2.84672845e-04,
       2.43309002e-04, 2.43309002e-04, 2.43309002e-04, 2.43309002e-04,
       2.43309002e-04, 2.43309002e-04])
Document 65
array([5.24777923e-01, 1.85645293e-02, 4.33807706e-02, 3.06177668e-01,
       2.29305205e-05, 2.84703748e-02, 4.90276793e-02, 2.29305205e-05,
       2.53426738e-02, 4.21252044e-03])
Document 66
array([2.43842965e-05, 2.43842965e-05, 4.34143419e-02, 2.43842965e-05,
       1.12923617e-02, 8.83529071e-01, 2.43842965e-05, 1.90997498e-02,
       4.25425539e-02, 2.43842965e-05])
Document 67
array([1.63666121e-04, 1.63666121e-04, 1.63666121e-04, 1.63666121e-04,
       1.63666121e-04, 8.96747428e-01, 6.76311678e-02, 1.63666121e-04,
       1.63666121e-04, 3.44757413e-02])
Document 68
array([0.0047619, 0.0047619, 0.0047619, 0.0047619, 0.95714286,
       0.0047619, 0.0047619, 0.0047619, 0.0047619, 0.0047619])
Document 69
array([0.00163934, 0.00163934, 0.00163934, 0.00163934, 0.32704315,
       0.00163934, 0.00163934, 0.44191169, 0.00163934, 0.21956975])
Document 70
array([1.17910624e-05, 2.73820266e-02, 3.52753593e-02, 3.68018379e-01,
       3.40657660e-01, 3.59512705e-02, 1.17910624e-05, 1.17910624e-05,
       1.85886472e-01, 6.79345865e-03])
Document 71
array([1.23747061e-05, 1.01585288e-01, 2.75151299e-02, 1.53786546e-02,
       7.94382496e-01, 3.11388235e-02, 1.23747061e-05, 2.06484563e-05,
       2.99418355e-02, 1.23747061e-05])
Document 72
array([2.14546235e-05, 5.16855090e-01, 2.14546235e-05, 2.14546235e-05,
       7.10981296e-02, 3.85388701e-02, 2.14546235e-05, 1.63290123e-02,
       3.57071625e-01, 2.14546235e-05])
Document 73
array([2.08907818e-05, 4.51430430e-01, 2.08724692e-05, 2.08724692e-05,
       1.86112362e-02, 5.29812208e-01, 2.08724692e-05, 2.08724692e-05,
       2.08724692e-05, 2.08724692e-05])
Document 74
array([5.64652739e-05, 3.08673543e-02, 5.64652739e-05, 5.64652739e-05,
       3.10307405e-02, 1.40818732e-01, 5.51257989e-02, 5.64652739e-05,
       7.41875048e-01, 5.64652739e-05])
Document 75
array([0.00163934, 0.00163934, 0.00163934, 0.00163934, 0.32697055,
       0.00163934, 0.00163934, 0.44251193, 0.00163934, 0.21904211])
Document 76
array([2.39206718e-02, 7.18596212e-02, 5.02362617e-02, 5.55247085e-05,
       5.55247085e-05, 5.55247085e-05, 8.31602742e-01, 1.24673887e-02,
       5.55247085e-05, 9.69121590e-03])
Document 77
array([1.71110666e-02, 8.44486663e-02, 1.45539223e-05, 9.31220658e-03,
       2.19103395e-02, 4.45695433e-02, 2.31508362e-01, 1.74335518e-02,
       7.88083445e-03, 5.65810876e-01])
Document 78
array([7.26352583e-02, 2.93092034e-02, 2.20701832e-05, 2.07286833e-02,
       1.00268435e-01, 2.11942121e-02, 6.25392031e-01, 4.45289623e-02,
       6.86684709e-02, 1.72526741e-02])
Document 79
array([0.00322581, 0.00322581, 0.00322581, 0.00322581, 0.00322581,
       0.00322581, 0.00322581, 0.97096774, 0.00322581, 0.00322581])
Document 80
array([2.53317349e-02, 8.87618439e-02, 1.97199763e-05, 1.97199763e-05,
       1.97199763e-05, 3.59037102e-01, 3.70631980e-01, 1.97199763e-05,
       2.98279295e-02, 1.26330530e-01])
Document 81
array([5.20897207e-01, 5.92103360e-02, 1.99194498e-01, 1.73090493e-03,
       8.32639467e-05, 2.14212309e-01, 4.42169020e-03, 8.32639467e-05,
       8.32639467e-05, 8.32639467e-05])
Document 82
array([9.18545195e-01, 1.56006240e-04, 5.42974617e-02, 1.56006240e-04,
       1.56006240e-04, 1.56006240e-04, 1.56006240e-04, 1.56006240e-04,
       1.56006240e-04, 2.60652992e-02])
Document 83
array([7.08767847e-02, 2.34867540e-02, 7.83565329e-01, 7.90427281e-02,
       4.14972835e-03, 5.26038927e-05, 3.86682599e-02, 5.26038927e-05,
       5.26038927e-05, 5.26038927e-05])
Document 84
array([8.00633774e-02, 6.28535512e-05, 3.65209401e-01, 6.28535512e-05,
       3.71997969e-02, 6.28535512e-05, 4.49977838e-01, 6.28535512e-05,
       4.39153550e-02, 2.33828181e-02])
Document 85
array([3.75115001e-01, 6.16678493e-02, 1.04456458e-01, 1.41243752e-01,
       9.97924585e-02, 6.30979610e-03, 1.53273422e-01, 5.09943906e-05,
       5.80392743e-02, 5.09943906e-05])
Document 86
array([8.32639467e-05, 2.40985956e-01, 8.32639467e-05, 8.32639467e-05,
       1.66840919e-01, 3.14561260e-01, 6.74529544e-02, 8.73678080e-02,
       1.22458047e-01, 8.32639467e-05])
Document 87
array([8.37182235e-02, 6.24609619e-05, 6.24609619e-05, 3.99898619e-02,
       4.67358654e-01, 3.53535473e-01, 6.24609619e-05, 5.50854826e-02,
       6.24609619e-05, 6.24609619e-05])
Document 88
array([8.27854351e-01, 2.45104625e-02, 3.18369946e-05, 2.43819472e-02,
       3.18369946e-05, 3.18369946e-05, 3.18369946e-05, 8.57721478e-02,
       3.73219064e-02, 3.18369946e-05])
Document 89
array([8.29201834e-01, 3.00106037e-02, 1.02597238e-02, 2.97733679e-02,
       3.67511944e-05, 6.78206906e-02, 3.67511944e-05, 3.67511944e-05,
       3.27867750e-02, 3.67511944e-05])
Document 90
array([2.92312189e-05, 5.33066532e-02, 2.92312189e-05, 2.92312189e-05,
       8.60138512e-01, 8.63502165e-02, 2.92312189e-05, 2.92312189e-05,
       2.92312189e-05, 2.92312189e-05])
Document 91
array([3.65706603e-02, 4.53750985e-01, 1.52183838e-05, 1.11014328e-02,
       3.15662528e-01, 8.22198615e-02, 2.31123327e-02, 1.76405708e-03,
       2.48373962e-02, 5.09655283e-02])
Document 92
array([2.62467192e-04, 2.62467192e-04, 4.88737222e-02, 2.62467192e-04,
       2.62467192e-04, 5.02399979e-01, 2.62467192e-04, 2.62467192e-04,
       3.86762421e-01, 6.03890741e-02])
Document 93
array([2.06143063e-05, 2.06143063e-05, 2.06143063e-05, 2.06143063e-05,
       8.89787057e-03, 4.13425635e-02, 2.06143063e-05, 4.77648691e-03,
       9.41407283e-01, 3.47272471e-03])
Document 94
array([2.04118825e-02, 2.51638031e-02, 1.45116819e-05, 1.80225424e-02,
       1.45306817e-01, 1.24849811e-01, 1.45116819e-05, 1.26964164e-02,
       6.30078659e-01, 2.34410445e-02])
Document 95
array([1.95274360e-05, 1.75968447e-02, 1.95274360e-05, 1.95274360e-05,
       4.99093617e-02, 3.15493610e-02, 1.95274360e-05, 1.83511466e-02,
       8.82495649e-01, 1.95274360e-05])
Document 96
array([1.72384072e-05, 1.72384072e-05, 1.41302900e-02, 1.72384072e-05,
       1.06375831e-02, 1.72384072e-05, 9.75111458e-01, 1.72384072e-05,
       1.72384072e-05, 1.72384072e-05])
Document 97
array([2.13174163e-05, 2.13174163e-05, 2.13174163e-05, 2.13174163e-05,
       7.26642653e-03, 2.13174163e-05, 9.74419587e-01, 2.13174163e-05,
       2.13174163e-05, 1.81647645e-02])
Document 98
array([1.86474232e-02, 5.68747794e-02, 3.03832601e-02, 1.79736355e-02,
       4.84482400e-02, 1.55762729e-01, 6.21624417e-01, 1.31561637e-05,
       4.54265086e-02, 4.84585101e-03])
Document 99
array([0.05414317, 0.04505585, 0.01263687, 0.01789656, 0.00351861,
       0.04251848, 0.79042459, 0.00836416, 0.00487423, 0.02056747])
Document 100
array([2.30151033e-01, 4.30848772e-05, 5.97353957e-01, 1.58356779e-02,
       5.50306444e-02, 4.30848772e-05, 8.45974616e-02, 1.68588862e-02,
       4.30848772e-05, 4.30848772e-05])
Document 101
array([6.35379000e-01, 1.16406957e-01, 1.91396690e-01, 3.51988736e-05,
       3.51988736e-05, 5.52361550e-02, 3.51988736e-05, 1.40520440e-03,
       3.51988736e-05, 3.51988736e-05])
Document 102
array([4.17887402e-02, 8.80979649e-06, 5.69431694e-01, 3.82923394e-01,
       8.80979649e-06, 8.80979649e-06, 5.80331284e-03, 8.80979649e-06,
       8.80979649e-06, 8.80979649e-06])
Document 103
array([1.42653352e-04, 1.42653352e-04, 1.42653352e-04, 8.75814933e-01,
       3.12583847e-02, 1.42653352e-04, 9.19281086e-02, 1.42653352e-04,
       1.42653352e-04, 1.42653352e-04])
Document 104
array([7.34753857e-05, 1.13102745e-01, 7.34753857e-05, 1.61882718e-01,
       7.34753857e-05, 6.87670542e-01, 7.34753857e-05, 7.34753857e-05,
       7.34753857e-05, 3.69031420e-02])
Document 105
array([5.35062500e-02, 2.87319963e-02, 6.84116038e-02, 9.65475227e-02,
       6.37313313e-02, 3.47424976e-01, 2.72768200e-01, 1.67263933e-02,
       5.21377425e-02, 1.39840582e-05])
Document 106
array([7.19372707e-06, 3.01123977e-03, 7.19372707e-06, 7.19372707e-06,
       4.90048810e-03, 2.58039759e-02, 1.60618058e-03, 9.51740289e-01,
       4.56965581e-03, 8.34658976e-03])
Document 107
array([5.85193608e-02, 6.98508683e-02, 3.94135498e-02, 1.02239035e-05,
       2.88866489e-02, 2.04145931e-01, 3.82374327e-02, 4.50757042e-01,
       1.40762265e-02, 9.61027161e-02])
Document 108
array([3.27761390e-05, 9.62190431e-02, 3.27761390e-05, 3.27761390e-05,
       3.84377667e-02, 8.12470420e-02, 2.75224751e-02, 6.16961887e-01,
       9.83491399e-02, 4.11643173e-02])
Document 109
array([6.58727222e-01, 2.65886732e-05, 2.11047721e-01, 6.20122754e-02,
       2.15532773e-02, 4.65265614e-02, 2.65886732e-05, 2.65886732e-05,
       2.65886732e-05, 2.65886732e-05])
Document 110
array([8.22573462e-01, 7.56944970e-06, 9.32439753e-02, 3.54695649e-02,
       7.56944970e-06, 4.45452572e-02, 1.59197192e-03, 7.56944970e-06,
       7.56944970e-06, 2.54549069e-03])
Document 111
array([0.02483053, 0.33536742, 0.00377913, 0.04414823, 0.37945231,
       0.04758825, 0.02299426, 0.05108118, 0.04361732, 0.04714137])
Document 112
array([5.74610367e-03, 2.41667013e-02, 1.12095057e-05, 1.12095057e-05,
       3.01441024e-01, 1.12095057e-05, 1.12095057e-05, 6.67023293e-01,
       1.12095057e-05, 1.56683058e-03])
Document 113
array([8.45111903e-01, 2.02388181e-05, 8.82428299e-02, 6.42915679e-03,
       2.57618439e-02, 3.16367507e-02, 2.02388181e-05, 2.02388181e-05,
       2.73656086e-03, 2.02388181e-05])
Document 114
array([4.55561053e-01, 1.32460928e-02, 3.82213308e-01, 3.11882968e-02,
       1.00593502e-05, 8.30901253e-02, 2.67276199e-02, 1.00593502e-05,
       7.94332610e-03, 1.00593502e-05])
Document 115
array([8.70064019e-01, 4.85201359e-05, 4.85201359e-05, 8.09508229e-02,
       4.85201359e-05, 4.13934025e-02, 4.85201359e-05, 7.30063522e-03,
       4.85201359e-05, 4.85201359e-05])
Document 116
array([2.21680337e-05, 3.57002984e-01, 2.21680337e-05, 2.21680337e-05,
       3.01771728e-02, 5.63793730e-01, 2.21680337e-05, 3.27725753e-03,
       4.56380153e-02, 2.21680337e-05])
Document 117
array([2.53031907e-02, 7.04543616e-01, 1.01306858e-05, 4.85514930e-03,
       2.52460779e-02, 4.35399436e-02, 4.28067742e-03, 3.51624171e-02,
       9.26182814e-02, 6.44405158e-02])
Document 118
array([0.00243902, 0.00243902, 0.00243902, 0.00243902, 0.00243902,
       0.00243902, 0.00243902, 0.97804878, 0.00243902, 0.00243902])
Document 119
array([0.00322581, 0.00322581, 0.00322581, 0.00322581, 0.00322581,
       0.00322581, 0.00322581, 0.97096774, 0.00322581, 0.00322581])
Document 120
array([1.55496812e-05, 9.70227146e-02, 1.55496812e-05, 1.38753041e-02,
       1.55496812e-05, 4.15989465e-03, 1.55496812e-05, 1.55496812e-05,
       8.84848789e-01, 1.55496812e-05])
Document 121
array([2.51336383e-02, 1.04810816e-05, 1.04810816e-05, 1.04810816e-05,
       2.41921332e-02, 5.44984051e-02, 3.96545972e-03, 1.04810816e-05,
       8.85162574e-01, 7.00586536e-03])
Document 122
array([7.66784097e-02, 1.66417175e-02, 3.07749293e-01, 1.16672500e-05,
       1.81195470e-02, 1.16053204e-01, 4.45683134e-01, 1.16672500e-05,
       1.16416977e-02, 7.40966188e-03])
Document 123
array([6.49352301e-02, 1.21188524e-02, 2.98612320e-01, 6.24225509e-01,
       1.80147721e-05, 1.80147721e-05, 1.80147721e-05, 1.80147721e-05,
       1.80147721e-05, 1.80147721e-05])
Document 124
array([1.09194216e-01, 1.65535507e-05, 8.07428817e-01, 2.08222682e-02,
       2.91014400e-02, 2.43014837e-02, 1.65535507e-05, 1.65535507e-05,
       9.08556089e-03, 1.65535507e-05])
Document 125
array([1.70525874e-02, 3.40020401e-05, 7.71702382e-01, 6.98404538e-02,
       3.94435172e-02, 2.94243506e-02, 3.40020401e-05, 3.40020401e-05,
       7.24007005e-02, 3.40020401e-05])
Document 126
array([3.83610926e-02, 2.03644974e-02, 7.38219256e-02, 7.93889376e-01,
       2.23663610e-05, 7.34512761e-02, 2.23663610e-05, 2.23663610e-05,
       2.23663610e-05, 2.23663610e-05])
Document 127
array([3.96667989e-05, 1.73503235e-02, 3.96667989e-05, 6.80591924e-02,
       1.65798541e-02, 6.03040096e-01, 3.96667989e-05, 2.54028514e-02,
       2.69409015e-01, 3.96667989e-05])
Document 128
array([3.72995151e-05, 1.80885580e-01, 3.72995151e-05, 3.72995151e-05,
       3.72995151e-05, 6.84042843e-01, 3.72995151e-05, 7.31411087e-02,
       6.17066715e-02, 3.72995151e-05])
Document 129
array([4.03366613e-05, 1.98218066e-02, 9.10663874e-06, 1.11035581e-02,
       9.10663874e-06, 2.99768590e-02, 9.10663874e-06, 2.90827705e-02,
       9.10663874e-06, 9.09938242e-01])
Document 130
array([1.60487883e-05, 5.93591464e-02, 1.60487883e-05, 1.51551609e-02,
       1.60487883e-05, 3.84898511e-01, 2.16217543e-02, 4.21058971e-01,
       7.88966996e-02, 1.89616104e-02])
Document 131
array([2.75454318e-02, 4.32026102e-01, 1.07463213e-03, 5.67859171e-05,
       5.53176612e-02, 1.20868060e-01, 5.67859171e-05, 2.81603269e-01,
       8.13944862e-02, 5.67859171e-05])
Document 132
array([0.00322581, 0.00322581, 0.00322581, 0.00322581, 0.00322581,
       0.00322581, 0.00322581, 0.97096774, 0.00322581, 0.00322581])
Document 133
array([1.64476300e-01, 1.37749402e-01, 8.28429252e-02, 1.43867627e-01,
       3.80225132e-01, 3.47101701e-05, 1.65714961e-02, 5.52827122e-02,
       3.47101701e-05, 1.89149858e-02])
Document 134
array([1.36407039e-05, 6.55696939e-01, 1.36407039e-05, 1.22057103e-02,
       4.55242113e-02, 2.73475317e-02, 1.36407039e-05, 2.28953507e-02,
       2.36275694e-01, 1.36407039e-05])
Document 135
array([0.00322581, 0.00322581, 0.00322581, 0.00322581, 0.00322581,
       0.00322581, 0.00322581, 0.97096774, 0.00322581, 0.00322581])
Document 136
array([3.73496252e-02, 7.09618189e-02, 1.30872922e-05, 2.54055936e-02,
       1.30872922e-05, 1.22572438e-02, 8.06910380e-01, 1.46714942e-02,
       1.30872922e-05, 3.24045823e-02])
Document 137
array([1.24244440e-02, 5.84921779e-03, 1.86185068e-05, 1.86185068e-05,
       1.86185068e-05, 1.86185068e-05, 9.81596009e-01, 1.86185068e-05,
       1.86185068e-05, 1.86185068e-05])
Document 138
array([5.37807215e-02, 2.27854446e-02, 2.49045732e-01, 2.28780599e-05,
       2.28780599e-05, 1.22330407e-01, 4.80801372e-01, 2.14654911e-02,
       4.28348798e-02, 6.91019595e-03])
Document 139
array([1.03789893e-01, 1.22534003e-05, 1.95044660e-01, 6.76599842e-01,
       1.22534003e-05, 1.44382662e-02, 1.22534003e-05, 1.22534003e-05,
       1.00660726e-02, 1.22534003e-05])
Document 140
array([5.97450663e-02, 4.52468214e-06, 6.80439038e-02, 8.29193748e-01,
       8.54861669e-03, 1.41440879e-02, 4.52468214e-06, 4.52468214e-06,
       1.98811668e-02, 4.29836210e-04])
Document 141
array([2.56870930e-02, 3.45901072e-05, 3.45901072e-05, 9.51102242e-01,
       3.45901072e-05, 3.45901072e-05, 2.29685347e-02, 3.45901072e-05,
       3.45901072e-05, 3.45901072e-05])
Document 142
array([6.19511588e-02, 4.06338887e-05, 1.76733263e-02, 9.20091078e-01,
       4.06338887e-05, 4.06338887e-05, 4.06338887e-05, 4.06338887e-05,
       4.06338887e-05, 4.06338887e-05])
Document 143
array([6.32404646e-02, 4.30848772e-05, 2.05137878e-02, 8.73701369e-01,
       4.30848772e-05, 4.30848772e-05, 4.30848772e-05, 4.30848772e-05,
       4.22858694e-02, 4.30848772e-05])
Document 144
array([1.02639322e-01, 2.76305393e-01, 4.24206844e-02, 3.99262338e-02,
       1.28246394e-01, 2.79462288e-01, 4.01445203e-05, 4.01445203e-05,
       1.30879251e-01, 4.01445203e-05])
Document 145
array([1.70235742e-02, 3.02938503e-05, 3.02938503e-05, 3.02938503e-05,
       4.84914479e-02, 8.84168922e-01, 3.02938503e-05, 3.02938503e-05,
       5.01342929e-02, 3.02938503e-05])
Document 146
array([1.31941387e-01, 8.31444017e-02, 1.16479022e-02, 1.07054919e-05,
       5.34999417e-02, 2.71800277e-01, 2.26400520e-01, 1.99835249e-01,
       1.38483424e-02, 7.87127405e-03])
Document 147
array([1.62839928e-05, 9.78607849e-02, 9.05293191e-03, 1.62839928e-05,
       1.62839928e-05, 1.75900359e-02, 1.62839928e-05, 7.69692301e-01,
       3.55664040e-02, 7.01724061e-02])
Document 148
array([1.72325149e-02, 6.80596296e-03, 1.45194903e-02, 1.32784491e-05,
       1.32784491e-05, 1.25342649e-01, 3.88854471e-02, 7.55754519e-01,
       3.05192466e-02, 1.09136131e-02])
Document 149
array([1.61643574e-02, 1.63182900e-01, 2.30823297e-03, 1.73926451e-02,
       6.41222430e-01, 8.98768555e-02, 9.24129008e-06, 3.10764884e-03,
       5.77999887e-02, 8.93570018e-03])
Document 150
array([9.12613409e-01, 2.15936083e-05, 1.27891000e-02, 3.97155776e-02,
       2.15936083e-05, 2.15936083e-05, 1.27442073e-02, 2.15936083e-05,
       2.20297376e-02, 2.15936083e-05])
Document 151
array([1.42441377e-01, 7.26209711e-01, 5.00221713e-03, 1.00832189e-02,
       6.60908032e-03, 9.38703065e-02, 1.57301417e-02, 1.79823773e-05,
       1.79823773e-05, 1.79823773e-05])
Document 152
array([1.27942949e-02, 5.92950852e-01, 4.09996793e-03, 9.95900559e-03,
       2.62980413e-01, 6.92876535e-03, 8.23479148e-03, 1.26726651e-05,
       1.02026564e-01, 1.26726651e-05])
Document 153
array([2.10039908e-05, 7.58426320e-01, 2.10039908e-05, 2.81142849e-02,
       3.45172935e-02, 4.84951417e-02, 2.10039908e-05, 1.91558411e-02,
       1.11207102e-01, 2.10039908e-05])
Document 154
array([9.28401351e-01, 2.16403376e-05, 2.45077135e-05, 2.16403376e-05,
       2.14890421e-04, 2.68481576e-02, 2.16403376e-05, 2.16403376e-05,
       4.44028914e-02, 2.16403376e-05])
Document 155
array([2.20701832e-05, 7.35449572e-02, 2.13758645e-02, 2.20701832e-05,
       5.61208593e-02, 1.01008063e-01, 6.79883190e-01, 2.77005342e-02,
       2.20701832e-05, 4.03003211e-02])
Document 156
array([3.03859009e-05, 9.95312283e-02, 3.03859009e-05, 3.03859009e-05,
       3.03869101e-05, 6.99937960e-03, 8.29387823e-01, 2.45970135e-02,
       2.47498625e-02, 1.46131481e-02])
Document 157
array([3.76777658e-03, 8.33263895e-06, 8.33263895e-06, 7.91524274e-03,
       8.33263895e-06, 8.33263895e-06, 1.23769397e-01, 8.33263895e-06,
       8.33263895e-06, 8.64497588e-01])
Document 158
array([2.49824364e-02, 4.31439596e-02, 6.57009913e-02, 4.77304398e-01,
       5.60959996e-02, 1.44038224e-01, 1.50336158e-01, 3.83152219e-02,
       4.13052458e-05, 4.13052458e-05])
Document 159
array([2.31440502e-01, 3.63504180e-05, 1.90981702e-02, 7.12648348e-01,
       3.63504180e-05, 3.63504180e-05, 3.63504180e-05, 3.63504180e-05,
       3.65948774e-02, 3.63504180e-05])
Document 160
array([1.44068243e-01, 5.26038927e-05, 2.54780260e-02, 7.14225454e-01,
       2.59306191e-02, 2.44931345e-02, 5.26038927e-05, 5.26038927e-05,
       6.55941082e-02, 5.26038927e-05])
Document 161
array([3.85826483e-01, 1.15155735e-02, 1.12892220e-01, 4.75432123e-01,
       9.04077389e-06, 7.16054152e-03, 7.13689615e-03, 9.04077389e-06,
       9.04077389e-06, 9.04077389e-06])
Document 162
array([1.39256371e-05, 1.39256371e-05, 2.54960878e-02, 1.39256371e-05,
       1.39256371e-05, 9.29270284e-01, 1.39256371e-05, 1.39256371e-05,
       4.51361486e-02, 1.39256371e-05])
Document 163
array([1.97980598e-05, 1.97980598e-05, 1.97980598e-05, 1.97980598e-05,
       1.97980598e-05, 9.44214584e-01, 1.97980598e-05, 1.97980598e-05,
       5.56270315e-02, 1.97980598e-05])
Document 164
array([9.18189331e-06, 1.17933696e-02, 9.18189331e-06, 1.06344439e-02,
       9.18189331e-06, 4.98010689e-03, 9.18189331e-06, 6.78403221e-02,
       1.92650200e-02, 8.85450010e-01])
Document 165
array([1.05812767e-01, 4.41929601e-02, 3.60273901e-02, 1.74151667e-02,
       2.22667557e-05, 2.46328307e-01, 2.22667557e-05, 3.72065097e-01,
       1.12297562e-02, 1.66884022e-01])
Document 166
array([1.29749287e-01, 6.32511069e-05, 6.32511069e-05, 8.39591620e-02,
       6.32511069e-05, 1.89854480e-01, 5.59136906e-02, 4.22459837e-01,
       6.32511069e-05, 1.17810539e-01])
Document 167
array([0.00062112, 0.00062112, 0.00062112, 0.00062112, 0.14970387,
       0.61053433, 0.00062112, 0.00062112, 0.23541397, 0.00062112])
Document 168
array([2.84060443e-01, 2.73681052e-01, 3.84467512e-05, 1.19543387e-01,
       7.29431301e-02, 2.83046861e-02, 3.84467512e-05, 1.07603077e-02,
       2.10591655e-01, 3.84467512e-05])
Document 169
array([3.62120345e-03, 8.59771301e-06, 1.90231441e-03, 3.01660125e-05,
       8.59771301e-06, 6.95443295e-02, 8.59771301e-06, 1.03969776e-02,
       9.05239295e-01, 9.23992122e-03])
Document 170
array([1.69750467e-05, 2.71215474e-03, 1.69750467e-05, 3.29437376e-02,
       1.39968044e-02, 1.34310705e-02, 1.88742508e-02, 1.69750467e-05,
       9.17974082e-01, 1.69750467e-05])
Document 171
array([3.82907017e-03, 9.94986189e-03, 1.24672734e-05, 1.28380087e-02,
       3.68794338e-03, 1.24672734e-05, 9.45035709e-01, 1.24672734e-05,
       2.46095380e-02, 1.24672734e-05])
Document 172
array([2.46852629e-05, 2.46852629e-05, 2.46852629e-05, 2.46852629e-05,
       2.46852629e-05, 2.34337603e-02, 9.67222071e-01, 2.46852629e-05,
       9.17137202e-03, 2.46852629e-05])
Document 173
array([2.90711001e-02, 4.12393050e-02, 2.45498497e-02, 1.67642316e-02,
       1.78407267e-02, 9.17014126e-03, 8.48993578e-01, 1.29516902e-05,
       1.23451640e-02, 1.29516902e-05])
Document 174
array([1.93760899e-05, 1.43441909e-02, 1.93760899e-05, 1.93760899e-05,
       1.93760899e-05, 1.31262637e-02, 9.63621659e-01, 1.93760899e-05,
       1.93760899e-05, 8.79163019e-03])
Document 175
array([2.95014645e-02, 3.42348511e-05, 3.42348511e-05, 9.42471436e-01,
       3.42348511e-05, 3.42348511e-05, 2.77874559e-02, 3.42348511e-05,
       3.42348511e-05, 3.42348511e-05])
Document 176
array([5.14417986e-02, 2.87940578e-02, 3.61900908e-02, 8.83520390e-01,
       8.94374385e-06, 8.94374385e-06, 8.94374385e-06, 8.94374385e-06,
       8.94374385e-06, 8.94374385e-06])
Document 177
array([1.76736709e-01, 4.52284034e-05, 2.29058968e-01, 5.93887724e-01,
       4.52284034e-05, 4.52284034e-05, 4.52284034e-05, 4.52284034e-05,
       4.52284034e-05, 4.52284034e-05])
Document 178
array([1.19624896e-01, 2.26106699e-02, 5.43183053e-05, 5.82606630e-02,
       5.43183053e-05, 6.82809523e-01, 5.43183053e-05, 1.16422657e-01,
       5.43183053e-05, 5.43183053e-05])
Document 179
array([2.59358432e-05, 5.59280967e-02, 4.06288714e-02, 2.58331181e-05,
       6.21828394e-02, 7.97633037e-01, 1.44736844e-02, 2.58331181e-05,
       2.90500359e-02, 2.58331181e-05])
Document 180
array([9.04893340e-02, 5.80300853e-02, 3.43524562e-05, 5.58816917e-02,
       3.43524562e-05, 2.62710656e-01, 3.43524562e-05, 3.70422611e-01,
       3.43524562e-05, 1.62328213e-01])
Document 181
array([0.00243902, 0.00243902, 0.00243902, 0.00243902, 0.00243902,
       0.00243902, 0.00243902, 0.97804878, 0.00243902, 0.00243902])
Document 182
array([4.16342296e-02, 6.31901634e-02, 2.25682690e-05, 2.49843620e-02,
       2.23343123e-01, 1.10255041e-01, 1.65221725e-02, 4.78659562e-01,
       2.03315993e-02, 2.10571790e-02])
Document 183
array([0.0010989, 0.0010989, 0.0010989, 0.0010989, 0.0010989,
       0.52436473, 0.0010989, 0.26020332, 0.20773965, 0.0010989])
Document 184
array([2.31427910e-05, 5.48392858e-02, 6.70649714e-02, 2.09950418e-02,
       7.49640878e-01, 3.94531575e-02, 2.31427910e-05, 2.31427910e-05,
       6.79140943e-02, 2.31427910e-05])
Document 185
array([1.07054919e-05, 5.80503425e-02, 1.07054919e-05, 1.07054919e-05,
       5.70298029e-01, 1.03712966e-01, 1.07054919e-05, 1.07054919e-05,
       2.64518267e-01, 3.36686881e-03])
Document 186
array([1.69176112e-05, 6.76639691e-01, 1.85198451e-01, 1.69176112e-05,
       1.73789918e-02, 1.07246212e-01, 1.34520655e-02, 1.69176112e-05,
       1.69176112e-05, 1.69176112e-05])
Document 187
array([4.88875346e-03, 5.95225129e-02, 6.95361936e-06, 5.92796420e-01,
       6.95361936e-06, 6.22899721e-02, 6.95361936e-06, 1.29280993e-01,
       1.42045729e-01, 9.15475862e-03])
Document 188
array([3.26690624e-05, 9.45995714e-01, 3.26690624e-05, 3.26690624e-05,
       2.37282025e-02, 2.41122328e-02, 3.26690624e-05, 5.96783612e-03,
       3.26690624e-05, 3.26690624e-05])
Document 189
array([4.74729953e-02, 3.69293566e-01, 6.70947211e-03, 1.09928320e-02,
       4.73212409e-01, 2.45306795e-02, 1.44487791e-05, 1.44487791e-05,
       6.77447004e-02, 1.44487791e-05])
Document 190
array([2.18470087e-02, 1.42810453e-01, 6.59152330e-06, 6.17645007e-03,
       7.53788576e-01, 5.50358617e-02, 1.09636579e-02, 6.01875146e-03,
       6.59152330e-06, 3.34605826e-03])
Document 191
array([2.70929287e-05, 7.20056547e-01, 2.70929287e-05, 2.70929287e-05,
       1.58325628e-01, 4.24670957e-02, 2.70929287e-05, 2.70929287e-05,
       7.89881713e-02, 2.70929287e-05])
Document 192
array([9.98423818e-01, 1.75131349e-04, 1.75131349e-04, 1.75131349e-04,
       1.75131349e-04, 1.75131349e-04, 1.75131349e-04, 1.75131349e-04,
       1.75131349e-04, 1.75131349e-04])
Document 193
array([8.05860960e-01, 5.14815570e-02, 6.08676084e-02, 3.09354304e-02,
       9.16590284e-05, 9.16590284e-05, 5.03961494e-02, 9.16590284e-05,
       9.16590284e-05, 9.16590284e-05])
Document 194
array([2.98620647e-01, 4.80538203e-05, 4.69531608e-01, 1.01579162e-01,
       4.80538203e-05, 3.96585454e-02, 5.71054203e-02, 4.80538203e-05,
       3.33124023e-02, 4.80538203e-05])
Document 195
array([8.25763832e-05, 8.25763832e-05, 8.25763832e-05, 8.25763832e-05,
       8.25763832e-05, 9.58131532e-01, 8.25763832e-05, 8.25763832e-05,
       4.12078570e-02, 8.25763832e-05])
Document 196
array([2.46244767e-05, 2.19553463e-02, 1.92718719e-02, 2.46244767e-05,
       2.46244767e-05, 9.58600410e-01, 2.46244767e-05, 2.46244767e-05,
       2.46244767e-05, 2.46244767e-05])
Document 197
array([0.00909091, 0.00909091, 0.00909091, 0.00909091, 0.00909091,
       0.00909091, 0.00909091, 0.91818182, 0.00909091, 0.00909091])
Document 198
array([4.89325008e-02, 3.63522070e-02, 2.62648285e-02, 2.04909628e-02,
       5.31404158e-02, 3.00576296e-01, 2.65886732e-05, 4.64037996e-01,
       5.01516163e-02, 2.65886732e-05])
Document 199
array([2.23001008e-02, 4.77155151e-03, 1.66856360e-02, 2.95143531e-02,
       2.04039992e-05, 2.08185945e-01, 2.04039992e-05, 6.22397007e-01,
       2.71413949e-02, 6.89632038e-02])
Document 200
array([0.00163934, 0.00163934, 0.00163934, 0.00163934, 0.32962378,
       0.00163934, 0.00163934, 0.43945966, 0.00163934, 0.21944115])

