Document topic vectors:
Document 1
[5.84395933e-01 2.39078383e-02 1.52403873e-02 2.02798621e-05
 2.02798621e-05 2.02798621e-05 2.02798621e-05 6.85500935e-02
 2.67517725e-02 2.81072856e-01]
Document 2
[2.42072137e-05 8.69140415e-01 2.42072137e-05 2.42072137e-05
 2.42072137e-05 2.42072137e-05 1.30665927e-01 2.42072137e-05
 2.42072137e-05 2.42072137e-05]
Document 3
[2.97530497e-05 9.79736178e-01 2.97530497e-05 2.97530497e-05
 2.97530497e-05 2.97530497e-05 2.97530497e-05 2.00257972e-02
 2.97530497e-05 2.97530497e-05]
Document 4
[1.58704967e-05 7.45505933e-01 1.40997088e-02 4.13326996e-04
 3.17669798e-02 1.58704967e-05 6.10765505e-02 1.06503768e-01
 1.58704967e-05 4.05861214e-02]
Document 5
[4.14765657e-05 5.08829109e-02 4.14765657e-05 9.48785277e-01
 4.14765657e-05 4.14765657e-05 4.14765657e-05 4.14765657e-05
 4.14765657e-05 4.14765657e-05]
Document 6
[2.78473963e-05 1.01841806e-01 7.18611055e-03 8.68380737e-01
 2.78473963e-05 2.78473963e-05 2.24242624e-02 2.78473963e-05
 2.78473963e-05 2.78473963e-05]
Document 7
[3.96667989e-05 6.74724894e-02 3.96667989e-05 9.07268883e-01
 3.96667989e-05 2.49809597e-02 3.96667989e-05 3.96667989e-05
 3.96667989e-05 3.96667989e-05]
Document 8
[3.92324815e-02 5.71032615e-01 6.13398494e-02 6.13649370e-02
 2.67308206e-05 2.67308206e-05 1.17611639e-01 6.71875974e-02
 2.67308206e-05 8.21506887e-02]
Document 9
[1.08213397e-05 1.82121822e-02 1.08213397e-05 4.99519360e-02
 1.65382699e-02 1.38716858e-02 8.82261775e-01 1.91208658e-02
 1.08213397e-05 1.08213397e-05]
Document 10
[9.69932105e-05 9.37461584e-02 9.69932105e-05 9.69932105e-05
 9.69932105e-05 9.69932105e-05 9.05477896e-01 9.69932105e-05
 9.69932105e-05 9.69932105e-05]
Document 11
[2.17817469e-05 1.74029249e-01 2.17817469e-05 2.17817469e-05
 2.17817469e-05 1.02828427e-02 8.15535436e-01 2.17817469e-05
 2.17817469e-05 2.17817469e-05]
Document 12
[1.42633005e-05 2.96598141e-02 1.15445962e-02 1.42633005e-05
 1.42633005e-05 1.42633005e-05 9.03738257e-01 1.57297701e-02
 1.42633005e-05 3.92562461e-02]
Document 13
[8.12655839e-01 2.22172850e-05 2.22172850e-05 2.22172850e-05
 2.22172850e-05 2.22172850e-05 2.22172850e-05 9.33236185e-03
 5.91160172e-02 1.18762479e-01]
Document 14
[3.84501071e-01 4.97625631e-02 3.17359568e-05 3.17359568e-05
 3.17359568e-05 3.17359568e-05 3.17359568e-05 5.23397230e-02
 4.57599957e-01 5.56380068e-02]
Document 15
[4.75495359e-02 2.40905806e-05 2.40905806e-05 2.40905806e-05
 2.40905806e-05 2.40905806e-05 2.40905806e-05 2.40905806e-05
 8.87479164e-01 6.48026661e-02]
Document 16
[1.78502886e-02 1.80472839e-05 1.80472839e-05 1.80472839e-05
 1.80472839e-05 1.80472839e-05 1.80472839e-05 1.80472839e-05
 9.80913833e-01 1.10954697e-03]
Document 17
[1.69756923e-02 2.20215811e-05 2.20215811e-05 2.20215811e-05
 2.20215811e-05 2.20215811e-05 2.20215811e-05 2.20215811e-05
 9.69928119e-01 1.29420376e-02]
Document 18
[7.62014673e-01 2.35238767e-05 2.35238767e-05 2.35238767e-05
 5.18874528e-03 2.35238767e-05 2.35238767e-05 7.21512295e-02
 2.35238767e-05 1.60504209e-01]
Document 19
[5.29309845e-02 1.44059726e-01 7.39751858e-01 4.36490615e-05
 2.56210335e-02 4.36490615e-05 7.22703416e-03 3.02347682e-02
 4.36490615e-05 4.36490615e-05]
Document 20
[1.43864192e-05 1.54401047e-01 6.17602606e-01 1.34478016e-02
 1.25325287e-02 1.43864192e-05 1.80369507e-01 2.15889636e-02
 1.43864192e-05 1.43864192e-05]
Document 21
[1.11217973e-02 7.84715820e-01 3.11429461e-05 3.11429461e-05
 6.72658936e-02 3.11429461e-05 1.29989424e-01 3.11429461e-05
 6.75134979e-03 3.11429461e-05]
Document 22
[1.91335935e-02 8.62781183e-01 9.69604108e-03 1.74076219e-02
 2.70584255e-02 9.01167413e-03 2.61604823e-02 1.71480544e-02
 5.58004576e-06 1.15973443e-02]
Document 23
[1.53734889e-02 6.38864478e-01 1.12482769e-01 1.16919939e-02
 1.63639339e-05 1.63639339e-05 3.19410502e-02 2.44659395e-02
 1.65131188e-01 1.63639339e-05]
Document 24
[2.72703464e-02 7.68667518e-01 1.34752729e-05 1.34752729e-05
 3.52548444e-03 8.38879933e-02 1.21039861e-03 3.05010533e-02
 8.48967803e-02 1.34752729e-05]
Document 25
[0.64915252 0.00322581 0.00322581 0.00322581 0.00322581 0.00322581
 0.32504103 0.00322581 0.00322581 0.00322581]
Document 26
[0.00322581 0.00322581 0.00322581 0.00322581 0.00322581 0.00322581
 0.00322581 0.97096774 0.00322581 0.00322581]
Document 27
[1.56470036e-05 7.13240434e-01 6.83829183e-02 8.88503577e-04
 1.56470036e-05 1.56470036e-05 1.90928382e-01 8.10435314e-03
 1.56470036e-05 1.83928218e-02]
Document 28
[1.19556493e-02 7.95996866e-01 1.33509500e-03 1.61786119e-05
 1.61786119e-05 1.61786119e-05 5.53426989e-02 8.93668995e-02
 1.61786119e-05 4.59380771e-02]
Document 29
[1.08577633e-04 8.89207961e-01 1.08577633e-04 1.08577633e-04
 1.08577633e-04 1.08577633e-04 1.08577633e-04 1.08577633e-04
 1.09923418e-01 1.08577633e-04]
Document 30
[5.31632111e-05 1.80050913e-01 5.31632111e-05 4.84323632e-02
 5.31632111e-05 7.71144582e-01 5.31632111e-05 5.31632111e-05
 5.31632111e-05 5.31632111e-05]
Document 31
[1.35851107e-05 9.81703387e-01 1.35851107e-05 1.35851107e-05
 1.70166611e-03 1.35851107e-05 1.35851107e-05 8.32032197e-03
 8.19311413e-03 1.35851107e-05]
Document 32
[0.64915252 0.00322581 0.00322581 0.00322581 0.00322581 0.00322581
 0.32504103 0.00322581 0.00322581 0.00322581]
Document 33
[0.00062112 0.00062112 0.00062112 0.00062112 0.36594781 0.00062112
 0.3917893  0.23791506 0.00062112 0.00062112]
Document 34
[1.05697072e-05 1.59300347e-02 1.01957516e-02 3.45427166e-02
 6.39837110e-03 1.05697072e-05 8.99904772e-01 1.98175797e-02
 8.40668946e-03 4.78294520e-03]
Document 35
[1.54618899e-02 7.54961238e-02 1.48780435e-02 3.90472472e-05
 8.98244176e-02 3.90472472e-05 6.81905393e-01 5.13867475e-02
 3.90472472e-05 7.09302430e-02]
Document 36
[6.72008490e-01 5.15198351e-05 5.15198351e-05 3.60557198e-03
 5.15198351e-05 5.15198351e-05 5.15198351e-05 1.93819415e-02
 1.79867128e-01 1.24879270e-01]
Document 37
[4.38503750e-02 5.96820510e-02 6.09384522e-05 6.09384522e-05
 6.09384522e-05 4.49125497e-02 9.67061110e-04 4.03238006e-02
 7.15172427e-01 9.49089201e-02]
Document 38
[3.11526480e-04 4.75389287e-02 3.11526480e-04 3.11526480e-04
 3.11526480e-04 3.11526480e-04 3.11526480e-04 3.11526480e-04
 9.49968860e-01 3.11526480e-04]
Document 39
[1.40761557e-01 4.83594485e-02 6.16903146e-05 2.79204789e-02
 2.08526482e-01 6.16903146e-05 6.16903146e-05 2.48980300e-01
 2.82779513e-01 4.24871488e-02]
Document 40
[6.22799874e-01 3.05218373e-02 1.73882803e-05 1.73882803e-05
 1.73882803e-05 2.12500111e-02 6.76510143e-03 2.59081392e-02
 1.73882803e-05 2.92685484e-01]
Document 41
[8.85342190e-01 1.56618835e-03 4.70123643e-06 4.70123643e-06
 2.79322583e-03 4.70123643e-06 4.47386454e-03 9.34857313e-03
 3.81160543e-02 5.83458006e-02]
Document 42
[8.29062686e-01 1.45391111e-01 4.34593655e-05 4.34593655e-05
 2.41535056e-02 4.34593655e-05 1.13194050e-03 4.34593655e-05
 4.34593655e-05 4.34593655e-05]
Document 43
[1.75131349e-04 3.77327124e-01 2.74594485e-01 3.25238631e-01
 1.75131349e-04 2.17889730e-02 1.75131349e-04 1.75131349e-04
 1.75131349e-04 1.75131349e-04]
Document 44
[1.18906064e-04 1.12167213e-01 1.76760966e-01 6.48242680e-02
 1.18906064e-04 1.18906064e-04 1.18906064e-04 5.07073226e-01
 1.38579797e-01 1.18906064e-04]
Document 45
[1.23289360e-05 2.08848561e-01 1.46862707e-02 1.23289360e-05
 2.87158119e-04 1.23289360e-05 5.48854399e-02 7.01211068e-01
 1.23289360e-05 2.00321872e-02]
Document 46
[4.40334654e-05 9.22452002e-01 4.40334654e-05 1.31321527e-02
 4.40334654e-05 4.40334654e-05 4.40334654e-05 6.41076113e-02
 4.40334654e-05 4.40334654e-05]
Document 47
[2.54388196e-05 7.78962166e-01 6.76970567e-02 2.54388196e-05
 4.63691573e-02 2.54388196e-05 2.54388196e-05 6.43229166e-02
 2.62477247e-02 1.62992232e-02]
Document 48
[1.84467810e-05 8.31750065e-01 1.13521779e-02 1.84467810e-05
 1.84467810e-05 4.47797038e-03 1.12710537e-01 1.84467810e-05
 3.96170160e-02 1.84467810e-05]
Document 49
[2.84010224e-05 1.08241336e-01 2.84010224e-05 8.91531456e-01
 2.84010224e-05 2.84010224e-05 2.84010224e-05 2.84010224e-05
 2.84010224e-05 2.84010224e-05]
Document 50
[3.37723742e-05 2.92346208e-01 1.55760087e-02 5.41875583e-01
 3.37723742e-05 4.41823049e-02 2.72176658e-02 6.21892498e-02
 3.37723742e-05 1.65116624e-02]
Document 51
[3.07937884e-02 8.89211623e-01 1.96811651e-05 3.93349044e-03
 2.23886350e-02 1.96811651e-05 2.02420278e-04 6.16413872e-03
 4.72468607e-02 1.96811651e-05]
Document 52
[3.92003136e-05 9.05809017e-01 3.92003136e-05 3.32316113e-02
 1.88270196e-02 4.18971504e-02 3.92003136e-05 3.92003136e-05
 3.92003136e-05 3.92003136e-05]
Document 53
[4.73098037e-02 6.34061914e-01 6.41612204e-03 1.94501871e-01
 3.91154129e-04 4.51895977e-02 1.38418493e-02 3.84294252e-02
 4.52629649e-03 1.53319664e-02]
Document 54
[9.47777462e-06 8.43164762e-01 9.47781382e-06 1.33352969e-01
 9.47777462e-06 2.51777876e-03 9.47777462e-06 4.44692673e-03
 1.64701747e-02 9.47777462e-06]
Document 55
[4.87004506e-02 8.27470935e-01 5.11899986e-02 2.39750659e-05
 2.39750659e-05 1.18218843e-02 2.50480305e-02 2.86739686e-02
 2.39750659e-05 7.02280750e-03]
Document 56
[4.37527939e-03 9.40892993e-01 1.59464200e-05 2.73797316e-02
 1.59464200e-05 1.59464200e-05 6.94902888e-03 1.36684210e-02
 6.67076060e-03 1.59464200e-05]
Document 57
[4.07744854e-02 2.08537422e-02 2.14422892e-02 1.05585471e-05
 1.18377839e-02 1.05585471e-05 8.08780287e-01 6.33174920e-02
 1.05585471e-05 3.29622451e-02]
Document 58
[2.81968419e-02 2.15953638e-01 2.10126554e-03 1.02723456e-01
 7.05133963e-02 1.36035913e-05 5.55419084e-01 2.36601547e-02
 1.36035913e-05 1.40495663e-03]
Document 59
[1.11639325e-02 2.09323579e-03 6.26923981e-03 5.31603849e-06
 5.31603849e-06 5.31603849e-06 5.31603849e-06 6.81417041e-01
 2.50535591e-01 4.84996960e-02]
Document 60
[6.24609619e-05 8.22146920e-02 6.24609619e-05 6.24609619e-05
 6.24609619e-05 6.24609619e-05 2.94084498e-02 1.62625567e-01
 7.25376526e-01 6.24609619e-05]
Document 61
[9.75633143e-02 2.30388473e-02 4.33660798e-03 9.31420218e-04
 1.81643778e-03 3.30281673e-03 5.24906829e-06 3.06347339e-02
 7.46891436e-01 9.14791365e-02]
Document 62
[1.49031297e-04 1.49031297e-04 1.49031297e-04 1.49031297e-04
 1.49031297e-04 1.49031297e-04 1.49031297e-04 1.49031297e-04
 9.98658718e-01 1.49031297e-04]
Document 63
[1.77794768e-01 1.00908174e-04 1.00908174e-04 1.00908174e-04
 1.78585365e-02 1.00908174e-04 1.00908174e-04 1.00908174e-04
 8.03640339e-01 1.00908174e-04]
Document 64
[2.62467192e-04 2.62467192e-04 2.62467192e-04 2.62467192e-04
 2.62467192e-04 2.62467192e-04 2.62467192e-04 2.62467192e-04
 9.28630583e-01 6.92696795e-02]
Document 65
[1.43369674e-01 4.63598971e-02 4.06163326e-02 7.14056594e-03
 2.45639892e-05 2.45639892e-05 2.45639892e-05 9.94574290e-02
 1.40333128e-01 5.22649281e-01]
Document 66
[2.54388196e-05 2.54388196e-05 1.38905219e-01 2.54388196e-05
 2.54388196e-05 2.54388196e-05 1.39326084e-01 7.04271107e-01
 2.54388196e-05 1.73449572e-02]
Document 67
[1.53609831e-04 1.53609831e-04 3.93529761e-01 3.27338524e-01
 6.78198414e-02 1.53609831e-04 1.53609831e-04 2.10390215e-01
 1.53609831e-04 1.53609831e-04]
Document 68
[0.0047619  0.0047619  0.0047619  0.0047619  0.95714286 0.0047619
 0.0047619  0.0047619  0.0047619  0.0047619 ]
Document 69
[0.24334463 0.00196078 0.00196078 0.00196078 0.74096909 0.00196078
 0.00196078 0.00196078 0.00196078 0.00196078]
Document 70
[1.15061558e-05 7.62591240e-01 1.15061558e-05 1.15061558e-05
 6.18359669e-02 1.15061558e-05 4.07761384e-02 6.18762396e-02
 1.15061558e-05 7.28628846e-02]
Document 71
[1.33850890e-05 8.53882657e-01 1.02049230e-02 1.33850890e-05
 1.30508164e-02 1.33850890e-05 6.52816167e-02 4.00981663e-02
 1.33850890e-05 1.74282806e-02]
Document 72
[2.24668614e-05 7.07087923e-01 1.90432610e-03 1.16753432e-02
 1.85543636e-01 2.24668614e-05 9.36764368e-02 2.24668614e-05
 2.24668614e-05 2.24668614e-05]
Document 73
[2.15007525e-05 3.03398739e-01 2.15007525e-05 5.09851647e-02
 2.25448453e-03 6.39951372e-01 2.15007525e-05 2.15007525e-05
 2.15007525e-05 3.30273588e-03]
Document 74
[1.48456139e-02 7.20600417e-02 2.73806639e-02 5.64652739e-05
 9.43993408e-02 4.94991625e-02 7.41589316e-01 5.64652739e-05
 5.64652739e-05 5.64652739e-05]
Document 75
[0.24452872 0.00196078 0.00196078 0.00196078 0.739785   0.00196078
 0.00196078 0.00196078 0.00196078 0.00196078]
Document 76
[5.58347292e-05 5.58347292e-05 3.15910759e-01 3.89327677e-02
 4.28244065e-02 4.71806397e-01 5.58347292e-05 2.49573555e-02
 3.35501194e-02 7.18506907e-02]
Document 77
[1.54774803e-05 6.47330783e-02 1.89755924e-02 5.10155951e-01
 1.54774803e-05 3.76806638e-01 1.15757666e-02 1.54774803e-05
 6.18455282e-03 1.15219879e-02]
Document 78
[4.12485919e-02 1.09870986e-01 7.83132638e-02 5.11312213e-02
 1.31915948e-02 5.54788123e-01 5.19253375e-02 2.55519128e-02
 2.33045910e-05 7.39556642e-02]
Document 79
[0.00322581 0.00322581 0.00322581 0.00322581 0.00322581 0.00322581
 0.00322581 0.97096774 0.00322581 0.00322581]
Document 80
[3.01686429e-02 8.87294501e-02 3.72849231e-01 2.78164911e-01
 2.08289940e-05 1.37064324e-01 2.73548621e-02 4.41609968e-02
 2.08289940e-05 2.14659249e-02]
Document 81
[9.69932105e-05 9.69932105e-05 1.88608706e-01 7.09728519e-03
 1.50397308e-01 2.58880686e-02 9.69932105e-05 1.11356300e-01
 3.60961093e-01 1.55400259e-01]
Document 82
[1.66389351e-04 1.66389351e-04 1.66389351e-04 1.66389351e-04
 1.66389351e-04 1.66389351e-04 1.66389351e-04 5.44304394e-02
 9.44238446e-01 1.66389351e-04]
Document 83
[5.52181115e-05 1.73643022e-02 5.52181115e-05 5.52181115e-05
 2.30343694e-02 5.52181115e-05 5.52181115e-05 4.39359992e-01
 4.03356512e-01 1.16608733e-01]
Document 84
[1.03363268e-01 6.79809653e-05 7.44286110e-02 6.79809653e-05
 7.85748993e-02 3.13125666e-01 6.79809653e-05 3.13690459e-01
 1.16545173e-01 6.79809653e-05]
Document 85
[2.24417796e-01 1.59395777e-01 6.82782043e-02 5.04795558e-05
 5.04795558e-05 5.04795558e-05 1.59486245e-02 1.85385013e-02
 5.04795558e-05 5.13219180e-01]
Document 86
[3.47492571e-02 2.96293234e-01 3.50393165e-01 9.99504474e-02
 9.08265213e-05 9.08265213e-05 2.18159764e-01 9.08265213e-05
 9.08265213e-05 9.08265213e-05]
Document 87
[6.84462697e-05 4.19873155e-01 2.64181022e-01 5.04038744e-02
 6.84462697e-05 6.84462697e-05 5.21720885e-02 1.32485184e-01
 8.06108902e-02 6.84462697e-05]
Document 88
[9.44546873e-01 3.03755384e-02 3.26690624e-05 3.26690624e-05
 3.26690624e-05 3.26690624e-05 2.48489056e-02 3.26690624e-05
 3.26690624e-05 3.26690624e-05]
Document 89
[2.84204555e-01 6.29509201e-02 3.70233247e-05 2.41460820e-02
 3.70233247e-05 3.70233247e-05 1.83135729e-02 8.24842327e-02
 2.14981758e-02 5.06291391e-01]
Document 90
[3.13381385e-05 9.34165388e-01 3.13381385e-05 3.13381385e-05
 3.13381385e-05 4.53382474e-02 3.13381385e-05 2.02769977e-02
 3.13381385e-05 3.13381385e-05]
Document 91
[4.56152639e-02 5.44132670e-01 2.14197996e-02 1.60147662e-01
 4.22577397e-02 8.26602567e-04 2.50148363e-02 1.49186261e-01
 1.63371998e-05 1.13828276e-02]
Document 92
[2.69541779e-04 1.32832664e-01 2.69541779e-04 2.69541779e-04
 2.69541779e-04 2.69541779e-04 9.49150649e-02 7.70365479e-01
 2.69541779e-04 2.69541779e-04]
Document 93
[2.09161263e-05 2.88991541e-02 1.79361283e-02 2.09161263e-05
 2.09161263e-05 2.09161263e-05 9.50167979e-01 2.09161263e-05
 2.09161263e-05 2.87124177e-03]
Document 94
[1.92092376e-02 7.29656153e-02 4.27713152e-02 1.38870035e-02
 3.32112098e-01 1.51492198e-05 4.92646511e-01 2.63627718e-02
 1.51492198e-05 1.51492198e-05]
Document 95
[1.99560966e-05 1.13150758e-01 1.39500091e-02 1.99560966e-05
 3.09773854e-02 1.99560966e-05 8.14620835e-01 2.72012317e-02
 1.99560966e-05 1.99560966e-05]
Document 96
[1.82781941e-05 1.84280439e-02 8.70225883e-01 1.82781941e-05
 1.82781941e-05 1.11218125e-01 1.82781941e-05 1.82781941e-05
 1.82781941e-05 1.82781941e-05]
Document 97
[2.37473284e-05 1.42326342e-02 3.47650723e-02 2.37473284e-05
 2.37473284e-05 9.07502872e-01 2.37473284e-05 3.15053525e-02
 2.37473284e-05 1.18753327e-02]
Document 98
[5.96232885e-02 8.42732472e-02 1.34756935e-01 1.38447578e-02
 1.43864192e-05 5.63530566e-01 2.24562388e-02 8.87082679e-02
 1.43864192e-05 3.27779253e-02]
Document 99
[3.93158075e-01 4.26834737e-02 9.13421282e-02 4.77301617e-02
 1.01144628e-02 3.25190246e-01 7.78946538e-03 4.10602368e-02
 4.28982026e-06 4.09274607e-02]
Document 100
[4.06946128e-02 3.93124537e-03 4.52284034e-05 8.66881716e-03
 4.52284034e-05 9.18546746e-02 1.29723373e-02 4.11549229e-01
 2.77599971e-01 1.52638656e-01]
Document 101
[1.05343176e-01 1.29222071e-01 3.40515109e-02 3.66166239e-05
 1.77750497e-01 3.66166239e-05 3.66166239e-05 1.23386755e-01
 3.90280094e-01 3.98560461e-02]
Document 102
[9.13993236e-06 9.59627199e-03 9.13993236e-06 9.13993236e-06
 9.13993236e-06 3.88463434e-03 9.13993236e-06 9.44799297e-03
 2.22259771e-03 9.74802803e-01]
Document 103
[1.53609831e-04 1.53609831e-04 5.42383128e-02 1.53609831e-04
 1.53609831e-04 1.53609831e-04 1.53609831e-04 1.53609831e-04
 1.53609831e-04 9.44532809e-01]
Document 104
[7.74593338e-05 1.49151269e-01 6.30812888e-01 8.03798125e-02
 7.74593338e-05 7.74593338e-05 4.20954390e-02 7.74593338e-05
 7.74593338e-05 9.71732948e-02]
Document 105
[1.51571605e-02 9.77582989e-02 5.05329233e-01 8.94688813e-03
 2.33894689e-02 1.51952591e-05 3.19010834e-02 2.18285665e-01
 1.51952591e-05 9.92018118e-02]
Document 106
[1.09929228e-03 2.96655420e-02 7.62718328e-06 3.08477713e-01
 1.04807770e-02 7.62718328e-06 6.09267932e-01 4.09782352e-02
 7.62718328e-06 7.62718328e-06]
Document 107
[0.01807109 0.09437396 0.01588555 0.46605499 0.03583998 0.06569874
 0.03041007 0.23492695 0.0036094  0.03512929]
Document 108
[2.00328163e-02 3.42348511e-05 1.82354306e-02 2.24042359e-01
 6.22851835e-01 3.42348511e-05 8.48022675e-02 2.98983517e-02
 3.42348511e-05 3.42348511e-05]
Document 109
[5.77235201e-01 3.56476675e-02 9.63013345e-03 2.79251606e-05
 2.79251606e-05 2.79251606e-05 2.79251606e-05 2.73387031e-02
 7.28388321e-02 2.77197762e-01]
Document 110
[4.40555382e-01 1.46074321e-02 7.87339580e-06 7.87339580e-06
 1.00359598e-02 7.87339580e-06 1.79898534e-03 9.33701966e-02
 3.05202809e-02 4.09088143e-01]
Document 111
[1.30494408e-02 6.76688932e-01 3.96503183e-04 1.01263428e-01
 4.13430404e-02 2.32633778e-02 9.52920504e-02 1.18329192e-05
 1.18329192e-05 4.86795617e-02]
Document 112
[1.18469376e-05 2.17174777e-01 1.18469376e-05 1.18543569e-05
 1.18469376e-05 1.16653114e-02 7.46818000e-01 2.42708227e-02
 1.18469376e-05 1.18469376e-05]
Document 113
[5.07040762e-01 2.16872696e-05 2.16872696e-05 2.16872696e-05
 2.16872696e-05 2.16872696e-05 1.36593697e-02 2.05876234e-01
 2.16872696e-05 2.73293512e-01]
Document 114
[1.21853709e-01 2.14564049e-02 1.08920597e-05 1.08920597e-05
 3.72073339e-03 1.08920597e-05 2.91810215e-03 6.61319280e-01
 4.48942454e-02 1.43804849e-01]
Document 115
[7.61314894e-01 5.20562207e-05 5.20562207e-05 5.20562207e-05
 3.13129013e-02 5.20562207e-05 5.20562207e-05 5.20562207e-05
 2.12239454e-02 1.85835922e-01]
Document 116
[2.33045910e-05 3.12626397e-01 2.33045910e-05 5.33190035e-02
 1.35066853e-02 5.15570673e-01 1.04860718e-01 2.33045910e-05
 2.33045910e-05 2.33045910e-05]
Document 117
[7.53081373e-02 6.15894663e-01 3.25867261e-03 9.71086567e-02
 2.14762046e-02 1.08096422e-05 1.77445136e-01 8.72157613e-03
 7.65334251e-04 1.08096422e-05]
Document 118
[0.64902084 0.00322581 0.00322581 0.00322581 0.00322581 0.00322581
 0.32517271 0.00322581 0.00322581 0.00322581]
Document 119
[0.00322581 0.00322581 0.00322581 0.00322581 0.00322581 0.00322581
 0.00322581 0.97096774 0.00322581 0.00322581]
Document 120
[1.58453494e-05 2.06101276e-01 1.58453494e-05 1.58453494e-05
 8.35266826e-02 9.54891668e-03 6.66672202e-01 9.89352544e-03
 1.58453494e-05 2.41940163e-02]
Document 121
[2.38970008e-02 4.39599849e-03 1.84200160e-02 1.07515321e-05
 4.60699276e-03 1.07515321e-05 8.95480361e-01 3.87562020e-02
 1.07515321e-05 1.44111740e-02]
Document 122
[4.60329756e-02 5.52768973e-02 2.53912185e-01 9.88748033e-03
 1.25297582e-05 1.57237356e-01 5.91024384e-03 2.17752249e-01
 8.60177848e-03 2.45376304e-01]
Document 123
[1.17738274e-02 1.96109142e-02 1.89000189e-05 1.89000189e-05
 1.89000189e-05 1.89000189e-05 1.89000189e-05 1.89000189e-05
 4.76752445e-02 9.20826614e-01]
Document 124
[1.36290921e-01 7.01975069e-02 1.44962932e-02 1.73580976e-05
 1.73580976e-05 1.73580976e-05 1.22941441e-02 7.99824591e-02
 1.73580976e-05 6.86669243e-01]
Document 125
[3.24680609e-02 8.32667014e-02 3.62187613e-05 3.62187613e-05
 5.61924805e-02 3.62187613e-05 7.87218849e-02 6.32225052e-05
 3.62187613e-05 7.49142775e-01]
Document 126
[1.75267128e-02 3.44199584e-02 1.55061647e-02 2.86069955e-02
 2.41487563e-05 2.41487563e-05 2.41487563e-05 2.41487563e-05
 2.41487563e-05 9.03819425e-01]
Document 127
[3.65733856e-02 1.27564164e-01 3.10165988e-01 4.09668169e-05
 3.24793361e-02 1.76988085e-02 4.61598345e-01 4.11782515e-04
 4.09668169e-05 1.34262567e-02]
Document 128
[4.06338887e-05 1.85382048e-01 4.95895413e-01 1.09686828e-01
 4.06338887e-05 4.06338887e-05 8.38860694e-02 1.24946472e-01
 4.06338887e-05 4.06338887e-05]
Document 129
[9.78377850e-06 2.89802581e-02 9.78377850e-06 9.70811067e-01
 9.78377850e-06 9.78377850e-06 1.40188213e-04 9.78377850e-06
 9.78377850e-06 9.78377850e-06]
Document 130
[1.68321831e-05 1.50311693e-01 5.78386795e-02 6.07473977e-01
 1.33306101e-02 1.68321831e-05 9.60662315e-02 3.72508136e-02
 1.68321831e-05 3.76774980e-02]
Document 131
[2.70843354e-02 3.49157316e-01 5.84453536e-05 8.43447978e-02
 3.32305884e-01 1.12992791e-01 7.40909163e-02 5.84453536e-05
 5.84453536e-05 1.98486243e-02]
Document 132
[0.00322581 0.00322581 0.00322581 0.00322581 0.00322581 0.00322581
 0.00322581 0.97096774 0.00322581 0.00322581]
Document 133
[2.07451622e-01 5.15019233e-01 1.39554826e-02 3.45777687e-02
 3.70233247e-05 3.70233247e-05 3.70233247e-05 4.31642950e-02
 1.40846775e-01 4.48737549e-02]
Document 134
[1.42227279e-05 1.71670340e-01 1.42227279e-05 1.42227279e-05
 7.45519969e-01 2.35197295e-02 4.70700480e-02 1.21487999e-02
 1.42227279e-05 1.42227279e-05]
Document 135
[0.00322581 0.00322581 0.00322581 0.00322581 0.00322581 0.00322581
 0.00322581 0.97096774 0.00322581 0.00322581]
Document 136
[5.00556736e-02 4.42343966e-02 2.07097104e-02 1.03602718e-02
 1.34752729e-05 8.16483296e-01 1.34752729e-05 1.34752729e-05
 1.34752729e-05 5.81027507e-02]
Document 137
[1.99960008e-05 1.20252129e-02 8.53531863e-01 1.99960008e-05
 1.99960008e-05 1.09724047e-01 1.99960008e-05 1.99960008e-05
 2.45989012e-02 1.99960008e-05]
Document 138
[2.17555042e-02 3.79041528e-02 6.43626825e-01 2.43975462e-02
 4.73543315e-02 3.93014338e-02 2.34137204e-05 4.37967687e-02
 2.34137204e-05 1.41816610e-01]
Document 139
[2.05007358e-02 1.28188694e-05 1.28188694e-05 1.28188694e-05
 9.65213439e-03 1.28188694e-05 1.28188694e-05 2.93003590e-02
 4.85618028e-03 9.35626496e-01]
Document 140
[1.93267857e-02 1.19315062e-02 1.71187909e-03 9.73477062e-04
 4.95175622e-03 4.68362138e-06 9.65001702e-03 2.61978531e-02
 3.25187546e-02 8.92733287e-01]
Document 141
[6.03336337e-01 3.70233247e-05 3.70233247e-05 3.70233247e-05
 1.95158761e-02 3.70233247e-05 3.70233247e-05 3.70233247e-05
 3.70233247e-05 3.76888624e-01]
Document 142
[4.03891900e-01 4.48229494e-05 4.48229494e-05 4.48229494e-05
 4.48229494e-05 4.48229494e-05 4.48229494e-05 4.48229494e-05
 4.43565722e-02 5.51437767e-01]
Document 143
[5.67640587e-02 4.60617227e-05 4.60617227e-05 4.60617227e-05
 4.60617227e-05 4.60617227e-05 4.60617227e-05 4.60617227e-05
 5.44455499e-02 8.88467959e-01]
Document 144
[7.10245185e-02 3.59900858e-01 2.95479158e-01 4.14765657e-05
 3.12333789e-02 4.14765657e-05 5.99225740e-02 1.23902678e-01
 9.30052051e-03 4.91533608e-02]
Document 145
[3.18369946e-05 1.64830237e-01 5.89159658e-01 9.76137162e-03
 3.18369946e-05 3.18369946e-05 1.32026068e-01 8.10780650e-02
 2.30172528e-02 3.18369946e-05]
Document 146
[3.44172372e-02 1.13074062e-01 6.68849599e-02 1.53379179e-01
 1.22067262e-02 2.52960491e-02 1.45893894e-02 5.68733885e-01
 1.20467414e-05 1.14064649e-02]
Document 147
[1.72980453e-05 1.64523030e-01 1.72980453e-05 3.94000777e-01
 1.19443506e-01 1.72980453e-05 6.55255477e-02 2.56420649e-01
 1.72980453e-05 1.72980453e-05]
Document 148
[2.78491323e-02 3.47543097e-02 3.16163603e-02 6.83386741e-01
 2.23155098e-02 1.74802731e-02 1.03833060e-01 6.70584150e-02
 1.47907114e-05 1.16914085e-02]
Document 149
[2.32638392e-02 8.36751585e-01 1.57921194e-02 8.28720615e-03
 3.29955360e-02 9.90982063e-06 2.77786584e-02 3.13063243e-02
 9.90982063e-06 2.38049122e-02]
Document 150
[5.79679984e-01 2.25682690e-05 2.25682690e-05 2.25682690e-05
 2.25682690e-05 2.25682690e-05 2.25682690e-05 2.25682690e-05
 5.97319182e-02 3.60430120e-01]
Document 151
[8.39050226e-02 7.59745324e-01 2.93994860e-02 1.92726000e-02
 3.56432802e-02 1.98388179e-02 2.01166767e-05 2.01166767e-05
 4.14619462e-02 1.06932896e-02]
Document 152
[1.31734949e-05 9.19869824e-01 1.31734949e-05 1.31734949e-05
 1.31734949e-05 2.73556519e-03 2.18461011e-02 2.07257864e-02
 1.91997750e-02 1.55702546e-02]
Document 153
[2.26193169e-05 7.90072404e-01 1.20652726e-02 2.26193169e-05
 1.19702496e-01 2.26193169e-05 5.51771500e-02 2.26193169e-05
 2.28695815e-02 2.26193169e-05]
Document 154
[6.06819140e-01 2.34137204e-05 2.34137204e-05 2.34137204e-05
 2.56370456e-02 2.34137204e-05 2.34137204e-05 5.40200396e-02
 7.80769837e-03 3.05599007e-01]
Document 155
[2.28258388e-05 6.63349101e-02 6.13400090e-01 5.06084241e-02
 2.28258388e-05 2.18745830e-01 1.08707539e-02 2.28258388e-05
 2.28258388e-05 3.99486884e-02]
Document 156
[3.12402374e-05 7.25849540e-03 2.15554716e-02 2.21706000e-02
 3.12402374e-05 8.60954898e-01 4.84813682e-02 3.94542060e-02
 3.12402374e-05 3.12402374e-05]
Document 157
[1.42879376e-02 1.03352642e-02 1.04932571e-02 8.39278747e-01
 8.92777431e-06 1.11771175e-01 8.92777431e-06 8.81854406e-03
 1.84451624e-03 3.15270358e-03]
Document 158
[3.26400309e-02 4.32520418e-02 4.72418216e-02 4.56412597e-05
 4.56412597e-05 4.56412597e-05 4.56412597e-05 5.03014034e-01
 4.56412597e-05 3.73623865e-01]
Document 159
[7.05826694e-02 5.13236903e-03 3.77216145e-05 3.77216145e-05
 3.77216145e-05 3.77216145e-05 5.23544312e-03 3.77216145e-05
 7.00994423e-01 2.17866488e-01]
Document 160
[5.64652739e-05 8.68563554e-02 5.64652739e-05 5.64652739e-05
 5.64652739e-05 5.64652739e-05 5.64652739e-05 5.64652739e-05
 5.64652739e-05 9.12691922e-01]
Document 161
[1.93201998e-01 6.99366528e-03 9.81257973e-06 9.81257973e-06
 3.42872578e-03 9.81257973e-06 9.81257973e-06 4.61350505e-02
 4.69546826e-02 7.03246628e-01]
Document 162
[1.42429853e-05 8.05090016e-02 4.43661573e-01 7.31490914e-02
 4.58902756e-02 1.42429853e-05 1.42425255e-01 1.98168666e-01
 1.42429853e-05 1.61534086e-02]
Document 163
[2.06143063e-05 3.12966682e-01 3.89525113e-01 5.80155415e-03
 4.47736760e-02 2.06143063e-05 1.95689467e-01 5.11610505e-02
 2.06143063e-05 2.06143063e-05]
Document 164
[9.68898363e-06 1.37259568e-02 9.68898363e-06 9.51745691e-01
 9.68898363e-06 9.68898363e-06 2.29137801e-02 3.26080705e-03
 9.68898363e-06 8.30532061e-03]
Document 165
[2.39750659e-05 5.07916669e-02 2.39750659e-05 6.58148020e-01
 5.46759878e-02 2.39750659e-05 2.39750659e-05 1.65332130e-01
 2.91399216e-02 4.18163738e-02]
Document 166
[2.22503826e-02 6.75219446e-05 3.95274082e-02 5.64748301e-01
 6.60259807e-02 6.75219446e-05 6.75219446e-05 2.38905876e-01
 6.75219446e-05 6.82719631e-02]
Document 167
[0.00062112 0.00062112 0.00062112 0.00062112 0.36120754 0.00062112
 0.39340481 0.24103983 0.00062112 0.00062112]
Document 168
[1.92267508e-01 4.70415781e-01 3.96667989e-05 3.96667989e-05
 9.45878280e-02 4.43077226e-02 1.13389108e-01 4.40801245e-02
 3.96667989e-05 4.08329279e-02]
Document 169
[9.73846939e-03 2.62744126e-02 2.15788692e-02 7.72059392e-03
 2.65523079e-02 8.94374385e-06 8.66609336e-01 2.17748059e-02
 8.94374385e-06 1.97333174e-02]
Document 170
[1.76647235e-05 1.91285637e-02 2.95987118e-02 1.76647235e-05
 7.27541166e-01 1.76647235e-05 1.97572102e-01 1.51836101e-02
 1.76647235e-05 1.09051880e-02]
Document 171
[1.34030291e-05 1.03322210e-03 8.91250262e-01 1.34030291e-05
 1.34030291e-05 8.29838081e-02 1.34030291e-05 1.34030291e-05
 2.46522901e-02 1.34030291e-05]
Document 172
[2.70929287e-05 2.82812897e-02 2.70929287e-05 8.43903901e-03
 2.70929287e-05 9.63090021e-01 2.70929287e-05 2.70929287e-05
 2.70929287e-05 2.70929287e-05]
Document 173
[1.65604956e-02 4.42158416e-02 8.41135793e-01 1.33493526e-05
 1.33493526e-05 1.83362748e-02 1.33493526e-05 1.30165541e-02
 2.47492025e-02 4.19457901e-02]
Document 174
[2.16872696e-05 1.91710082e-02 4.16811471e-02 2.16872696e-05
 2.16872696e-05 9.38996034e-01 2.16872696e-05 2.16872696e-05
 2.16872696e-05 2.16872696e-05]
Document 175
[5.80463990e-01 1.90558199e-02 3.63504180e-05 3.63504180e-05
 2.24585844e-02 3.63504180e-05 3.63504180e-05 3.63504180e-05
 3.63504180e-05 3.77803503e-01]
Document 176
[9.73615033e-06 3.57011096e-02 9.73615033e-06 9.73615033e-06
 9.73615033e-06 9.73615033e-06 1.42639193e-03 9.73615033e-06
 5.19063629e-01 4.43750452e-01]
Document 177
[2.42874599e-01 4.18310744e-02 4.71475719e-05 4.71475719e-05
 4.71475719e-05 4.71475719e-05 4.71475719e-05 2.80237626e-02
 4.19912604e-02 6.45043566e-01]
Document 178
[2.11574062e-02 1.01078072e-01 2.27571163e-01 1.15132252e-01
 5.64652739e-05 2.16265800e-01 1.61894303e-02 2.37619873e-01
 6.48730727e-02 5.64652739e-05]
Document 179
[2.75406224e-05 1.08074805e-01 7.59095866e-01 2.75406224e-05
 2.75406224e-05 2.75406224e-05 5.75943185e-02 5.33545772e-02
 2.75406224e-05 2.17427298e-02]
Document 180
[3.57805965e-02 7.09269814e-02 1.08146636e-01 5.50975275e-01
 8.51547861e-02 3.54484225e-05 3.54484225e-05 1.19794406e-01
 2.62981825e-02 2.85223945e-03]
Document 181
[0.64977957 0.00322581 0.00322581 0.00322581 0.00322581 0.00322581
 0.32441398 0.00322581 0.00322581 0.00322581]
Document 182
[8.99017809e-03 3.73582488e-01 3.82725127e-02 2.97439974e-01
 1.05773057e-01 2.42659549e-05 1.89249777e-02 1.40546690e-01
 2.42659549e-05 1.64215918e-02]
Document 183
[0.0009901  0.6936796  0.0009901  0.0009901  0.0009901  0.0009901
 0.0009901  0.29839961 0.0009901  0.0009901 ]
Document 184
[2.42072137e-05 2.48978332e-01 2.42072137e-05 2.42072137e-05
 3.12302909e-02 2.42072137e-05 3.56623981e-02 6.83983736e-01
 2.42072137e-05 2.42072137e-05]
Document 185
[1.12854080e-05 1.99574627e-01 1.12854080e-05 1.12854080e-05
 1.31396780e-02 1.12854080e-05 7.77507231e-01 9.71075139e-03
 1.12854080e-05 1.12854080e-05]
Document 186
[1.83452578e-05 9.36975738e-01 1.83452578e-05 4.48240333e-04
 1.83452578e-05 2.44836019e-02 1.83452578e-05 1.88499388e-02
 1.83452578e-05 1.91507545e-02]
Document 187
[7.44546199e-06 1.81480315e-02 7.44546199e-06 7.44546199e-06
 8.90462431e-01 7.44546199e-06 2.78098734e-02 3.02668754e-02
 7.44546199e-06 3.32755615e-02]
Document 188
[1.95366828e-02 7.92117831e-01 3.32115576e-05 8.69698587e-02
 1.01176358e-01 3.32115576e-05 3.32115576e-05 3.32115576e-05
 3.32115576e-05 3.32115576e-05]
Document 189
[1.55255395e-05 8.83516272e-01 1.55255395e-05 1.55255395e-05
 1.55255395e-05 1.55255395e-05 5.77290452e-02 1.55255395e-05
 5.86460043e-02 1.55255395e-05]
Document 190
[7.36865375e-06 8.62734785e-01 1.26231444e-02 2.23001443e-02
 7.36865375e-06 7.36865375e-06 2.02431732e-02 5.28094637e-02
 3.96344477e-03 2.53037384e-02]
Document 191
[2.85632676e-05 9.59502662e-01 2.85632676e-05 2.85632676e-05
 9.09693621e-03 2.85632676e-05 3.12004588e-02 2.85632676e-05
 2.85632676e-05 2.85632676e-05]
Document 192
[3.65097753e-01 1.69204738e-04 2.00439495e-01 1.69204738e-04
 1.69204738e-04 1.69204738e-04 8.33327628e-02 1.69204738e-04
 1.67976352e-01 1.82307613e-01]
Document 193
[6.10952537e-01 9.42507069e-05 4.14333296e-02 9.42507069e-05
 2.84284173e-02 9.42507069e-05 1.23682074e-02 1.00621168e-01
 8.37411561e-02 1.22172433e-01]
Document 194
[1.93071709e-02 4.99750125e-05 6.82506895e-03 4.99750125e-05
 4.99750125e-05 2.59196840e-02 4.99750125e-05 7.21867186e-01
 4.99750125e-05 2.25831015e-01]
Document 195
[6.59531884e-03 8.39630563e-05 3.26307629e-01 1.08106294e-01
 4.04291493e-02 3.21032435e-01 8.39630563e-05 9.48376857e-02
 8.39630563e-05 1.02439599e-01]
Document 196
[2.49937516e-05 2.92074339e-01 4.02202421e-01 6.27707456e-02
 3.20438401e-02 2.49937516e-05 9.96652229e-02 1.11143457e-01
 2.49937516e-05 2.49937516e-05]
Document 197
[0.00909091 0.00909091 0.00909091 0.00909091 0.00909091 0.00909091
 0.00909091 0.91818182 0.00909091 0.00909091]
Document 198
[2.96647879e-05 1.50273855e-01 2.96647879e-05 4.72615785e-01
 2.96647879e-05 2.96647879e-05 2.33506742e-02 2.72641053e-01
 2.96647879e-05 8.09703092e-02]
Document 199
[3.53902088e-02 3.77052980e-02 2.23291659e-05 6.59928613e-01
 3.98168700e-02 2.23164472e-05 2.48454640e-02 1.37252399e-01
 2.23164472e-05 6.49941856e-02]
Document 200
[0.25120017 0.00196078 0.00196078 0.00196078 0.73311356 0.00196078
 0.00196078 0.00196078 0.00196078 0.00196078]
