Document topic vectors:
Document 1
[3.32225914e-04 3.32225914e-04 4.13759724e-02 2.02398233e-01
 3.32225914e-04 3.32225914e-04 3.32225914e-04 3.32225914e-04
 7.53900213e-01 3.32225914e-04]
Document 2
[1.58478605e-04 2.09547324e-01 1.58478605e-04 3.55604350e-01
 1.58478605e-04 1.58478605e-04 1.58478605e-04 1.58478605e-04
 4.33738976e-01 1.58478605e-04]
Document 3
[2.93255132e-04 2.71182136e-01 2.93255132e-04 2.93255132e-04
 2.93255132e-04 2.93255132e-04 2.93255132e-04 3.36706082e-02
 6.93094469e-01 2.93255132e-04]
Document 4
[3.11526480e-04 3.11526480e-04 3.11526480e-04 3.11526480e-04
 3.11526480e-04 1.73325936e-01 5.32507770e-01 3.11526480e-04
 2.91985609e-01 3.11526480e-04]
Document 5
[2.32018561e-04 2.32018561e-04 2.32018561e-04 2.32018561e-04
 2.32018561e-04 2.32018561e-04 2.32018561e-04 2.32018561e-04
 9.65251402e-01 3.28924494e-02]
Document 6
[4.97512438e-04 4.97512438e-04 4.97512438e-04 6.05114233e-01
 2.10648269e-01 4.97512438e-04 4.97512438e-04 4.97512438e-04
 1.80754911e-01 4.97512438e-04]
Document 7
[1.18906064e-04 1.82761792e-01 3.21909924e-02 1.18906064e-04
 7.84214873e-01 1.18906064e-04 1.18906064e-04 1.18906064e-04
 1.18906064e-04 1.18906064e-04]
Document 8
[3.21543408e-04 3.21543408e-04 3.21543408e-04 3.82632143e-01
 6.14795510e-01 3.21543408e-04 3.21543408e-04 3.21543408e-04
 3.21543408e-04 3.21543408e-04]
Document 9
[1.61030596e-04 1.61030596e-04 1.61030596e-04 9.98550725e-01
 1.61030596e-04 1.61030596e-04 1.61030596e-04 1.61030596e-04
 1.61030596e-04 1.61030596e-04]
Document 10
[0.00066225 0.00066225 0.00066225 0.00066225 0.19451735 0.00066225
 0.43839833 0.00066225 0.36244855 0.00066225]
Document 11
[2.55754476e-04 2.55754476e-04 2.55754476e-04 2.93080044e-01
 7.04873920e-01 2.55754476e-04 2.55754476e-04 2.55754476e-04
 2.55754476e-04 2.55754476e-04]
Document 12
[3.69003690e-04 3.69003690e-04 3.69003690e-04 8.40080905e-01
 1.56967065e-01 3.69003690e-04 3.69003690e-04 3.69003690e-04
 3.69003690e-04 3.69003690e-04]
Document 13
[6.39507107e-02 1.01936799e-04 1.01936799e-04 3.19799933e-01
 2.95521320e-01 1.01936799e-04 1.01936799e-04 1.01936799e-04
 1.01936799e-04 3.20116416e-01]
Document 14
[1.14810563e-04 1.14810563e-04 1.14810563e-04 1.17911131e-01
 1.14810563e-04 1.14810563e-04 1.14810563e-04 1.14810563e-04
 1.14810563e-04 8.81170385e-01]
Document 15
[5.52486188e-04 5.52486188e-04 5.52486188e-04 5.52486188e-04
 5.52486188e-04 5.52486188e-04 5.52486188e-04 5.52486188e-04
 5.52486188e-04 9.95027624e-01]
Document 16
[4.97512438e-04 4.97512438e-04 4.97512438e-04 4.97512438e-04
 4.97512438e-04 4.97512438e-04 3.42344559e-01 4.97512438e-04
 6.53675342e-01 4.97512438e-04]
Document 17
[4.97512438e-04 4.97512438e-04 4.97512438e-04 8.93737997e-01
 4.97512438e-04 4.97512438e-04 4.97512438e-04 4.97512438e-04
 1.02281904e-01 4.97512438e-04]
Document 18
[5.52486188e-04 5.52486188e-04 9.95027624e-01 5.52486188e-04
 5.52486188e-04 5.52486188e-04 5.52486188e-04 5.52486188e-04
 5.52486188e-04 5.52486188e-04]
Document 19
[5.03460699e-02 2.12314225e-04 3.76453180e-01 4.07393102e-01
 2.12314225e-04 2.12314225e-04 1.64533762e-01 2.12314225e-04
 2.12314225e-04 2.12314225e-04]
Document 20
[2.49376559e-04 1.87338217e-01 3.04007050e-01 2.44659191e-01
 2.49376559e-04 2.49376559e-04 2.49376559e-04 2.49376559e-04
 2.62499281e-01 2.49376559e-04]
Document 21
[3.55871886e-04 2.13513089e-01 7.11968661e-01 7.20271472e-02
 3.55871886e-04 3.55871886e-04 3.55871886e-04 3.55871886e-04
 3.55871886e-04 3.55871886e-04]
Document 22
[1.51285930e-04 1.51285930e-04 6.32340387e-01 1.51285930e-04
 1.51285930e-04 1.51285930e-04 2.71157919e-01 1.51285930e-04
 9.54426933e-02 1.51285930e-04]
Document 23
[2.93255132e-04 2.93255132e-04 5.45566095e-01 2.17634282e-01
 2.34746837e-01 2.93255132e-04 2.93255132e-04 2.93255132e-04
 2.93255132e-04 2.93255132e-04]
Document 24
[1.99600798e-04 1.99600798e-04 1.99600798e-04 1.99600798e-04
 2.58905972e-01 1.99600798e-04 4.59921978e-01 1.99600798e-04
 2.79774845e-01 1.99600798e-04]
Document 25
[4.53505526e-01 4.52488688e-04 4.52488688e-04 2.12588105e-01
 4.52488688e-04 4.52488688e-04 2.74086189e-01 4.52488688e-04
 5.71052481e-02 4.52488688e-04]
Document 26
[9.33706816e-05 9.33706816e-05 7.23272580e-01 1.88819388e-01
 9.33706816e-05 8.18546932e-02 9.33706816e-05 9.33706816e-05
 5.49311435e-03 9.33706816e-05]
Document 27
[3.98406375e-04 3.98406375e-04 5.80363995e-01 3.98406375e-04
 3.98406375e-04 4.16448754e-01 3.98406375e-04 3.98406375e-04
 3.98406375e-04 3.98406375e-04]
Document 28
[0.00076336 0.00076336 0.55519743 0.00076336 0.00076336 0.00076336
 0.33526785 0.10419121 0.00076336 0.00076336]
Document 29
[0.00070922 0.00070922 0.35841774 0.00070922 0.00070922 0.00070922
 0.00070922 0.00070922 0.3680056  0.26861212]
Document 30
[1.95694716e-04 1.95694716e-04 1.95694716e-04 1.69262816e-01
 1.95694716e-04 5.66240179e-01 2.63127142e-01 1.95694716e-04
 1.95694716e-04 1.95694716e-04]
Document 31
[1.51285930e-04 1.51285930e-04 3.17781511e-01 3.72528831e-01
 1.51285930e-04 2.62091584e-01 1.51285930e-04 4.66903587e-02
 1.51285930e-04 1.51285930e-04]
Document 32
[1.16144019e-04 2.01343768e-01 1.16144019e-04 3.56841655e-01
 1.21982846e-01 3.19134867e-01 1.16144019e-04 1.16144019e-04
 1.16144019e-04 1.16144019e-04]
Document 33
[4.33562943e-01 3.43642612e-04 3.43642612e-04 2.05611210e-01
 3.43642612e-04 3.58420349e-01 3.43642612e-04 3.43642612e-04
 3.43642612e-04 3.43642612e-04]
Document 34
[1.58478605e-04 8.02147040e-02 1.58478605e-04 4.89437288e-01
 1.58478605e-04 4.29238658e-01 1.58478605e-04 1.58478605e-04
 1.58478605e-04 1.58478605e-04]
Document 35
[1.84390849e-01 2.16141690e-01 1.78253119e-04 7.28310159e-03
 1.78253119e-04 2.54289465e-01 7.53846290e-02 1.78253119e-04
 2.61797253e-01 1.78253119e-04]
Document 36
[2.55022217e-01 3.98406375e-04 3.98406375e-04 3.98406375e-04
 3.98406375e-04 3.10803759e-01 3.98406375e-04 3.98406375e-04
 4.31385180e-01 3.98406375e-04]
Document 37
[3.43642612e-04 3.43642612e-04 3.43642612e-04 6.52174173e-01
 3.43642612e-04 3.43642612e-04 3.43642612e-04 3.43642612e-04
 3.45076686e-01 3.43642612e-04]
Document 38
[6.21118012e-04 6.21118012e-04 6.21118012e-04 9.94409938e-01
 6.21118012e-04 6.21118012e-04 6.21118012e-04 6.21118012e-04
 6.21118012e-04 6.21118012e-04]
Document 39
[1.72117040e-04 1.72117040e-04 7.51300189e-02 9.24836713e-02
 1.72117040e-04 1.72117040e-04 1.72117040e-04 1.72117040e-04
 1.72117040e-04 8.31181491e-01]
Document 40
[7.18907261e-05 7.18907261e-05 1.77489964e-01 1.93571811e-01
 7.18907261e-05 3.28628250e-02 3.24506354e-02 7.76885344e-02
 4.85648667e-01 7.18907261e-05]
Document 41
[0.00140845 0.00140845 0.00140845 0.00140845 0.00140845 0.00140845
 0.98732394 0.00140845 0.00140845 0.00140845]
Document 42
[1.18758899e-01 5.84795322e-04 1.70844255e-01 5.84795322e-04
 5.84795322e-04 5.84795322e-04 5.84795322e-04 5.84795322e-04
 7.06303279e-01 5.84795322e-04]
Document 43
[4.52488688e-04 4.52488688e-04 4.52488688e-04 4.52488688e-04
 4.52488688e-04 4.52488688e-04 4.52488688e-04 4.52488688e-04
 9.95927602e-01 4.52488688e-04]
Document 44
[0.00082645 0.00082645 0.00082645 0.00082645 0.00082645 0.2731436
 0.00082645 0.12204577 0.5990255  0.00082645]
Document 45
[1.40027970e-01 3.75384998e-02 7.62776506e-05 4.28974065e-01
 7.62776506e-05 7.62776506e-05 7.62776506e-05 7.62776506e-05
 3.93001799e-01 7.62776506e-05]
Document 46
[9.51474786e-05 9.51474786e-05 9.51474786e-05 2.02955776e-01
 6.30591057e-02 9.51474786e-05 9.51474786e-05 9.51474786e-05
 7.33319086e-01 9.51474786e-05]
Document 47
[0.00140845 0.00140845 0.00140845 0.00140845 0.00140845 0.00140845
 0.98732394 0.00140845 0.00140845 0.00140845]
Document 48
[3.21543408e-04 3.21543408e-04 3.21543408e-04 3.21543408e-04
 3.21543408e-04 1.18244714e-01 3.21543408e-04 3.21543408e-04
 8.79182938e-01 3.21543408e-04]
Document 49
[1.67526733e-01 2.93255132e-04 2.93255132e-04 2.26849478e-01
 1.16453893e-01 2.93255132e-04 2.93255132e-04 2.93255132e-04
 4.87410365e-01 2.93255132e-04]
Document 50
[2.04463528e-01 8.26159758e-02 9.42507069e-05 7.96336030e-02
 9.42507069e-05 9.42507069e-05 9.42507069e-05 9.42507069e-05
 5.23052330e-01 1.09763310e-01]
Document 51
[4.52488688e-04 6.23942220e-01 4.52488688e-04 8.62772656e-02
 4.52488688e-04 4.52488688e-04 4.52488688e-04 4.52488688e-04
 2.86613094e-01 4.52488688e-04]
Document 52
[3.11526480e-04 3.11526480e-04 2.21117464e-01 5.35106387e-01
 3.11526480e-04 3.11526480e-04 3.11526480e-04 3.11526480e-04
 2.41595464e-01 3.11526480e-04]
Document 53
[0.00062112 0.00062112 0.00062112 0.23348697 0.00062112 0.00062112
 0.00062112 0.00062112 0.48961983 0.27254537]
Document 54
[4.14937759e-04 4.14937759e-04 4.14937759e-04 4.14937759e-04
 4.14937759e-04 4.14937759e-04 4.14937759e-04 4.14937759e-04
 5.61260869e-01 4.35419628e-01]
Document 55
[0.00123457 0.00123457 0.00123457 0.00123457 0.00123457 0.00123457
 0.98888889 0.00123457 0.00123457 0.00123457]
Document 56
[2.93255132e-04 2.93255132e-04 2.93255132e-04 2.93255132e-04
 2.93255132e-04 2.93255132e-04 2.93255132e-04 2.93255132e-04
 9.97360704e-01 2.93255132e-04]
Document 57
[1.15728192e-01 1.16144019e-04 1.16144019e-04 5.11392684e-01
 1.16144019e-04 1.16144019e-04 1.16144019e-04 1.16144019e-04
 3.72066115e-01 1.16144019e-04]
Document 58
[4.52488688e-04 4.52488688e-04 4.52488688e-04 1.65071774e-01
 4.52488688e-04 4.52488688e-04 4.52488688e-04 4.52488688e-04
 7.60855701e-01 7.09051043e-02]
Document 59
[1.06269926e-04 1.18190727e-01 7.62052734e-02 2.81057121e-01
 1.06269926e-04 1.06269926e-04 9.46207283e-02 1.06269926e-04
 4.29394800e-01 1.06269926e-04]
Document 60
[3.02114804e-04 3.02114804e-04 3.02114804e-04 2.56297361e-01
 3.02114804e-04 3.02114804e-04 3.02114804e-04 3.02114804e-04
 3.02114804e-04 7.41285721e-01]
Document 61
[9.90099010e-04 9.90099010e-04 9.90099010e-04 9.90099010e-04
 9.90099010e-04 9.90099010e-04 9.90099010e-04 9.90099010e-04
 9.90099010e-04 9.91089109e-01]
Document 62
[0.00123457 0.00123457 0.00123457 0.00123457 0.00123457 0.00123457
 0.98888889 0.00123457 0.00123457 0.00123457]
Document 63
[3.43642612e-04 3.43642612e-04 3.87663541e-01 2.16982543e-01
 3.43642612e-04 3.43642612e-04 3.43642612e-04 3.43642612e-04
 2.13927044e-01 1.79365016e-01]
Document 64
[7.70331520e-01 1.58084081e-01 1.88323917e-04 1.88323917e-04
 7.02661318e-02 1.88323917e-04 1.88323917e-04 1.88323917e-04
 1.88323917e-04 1.88323917e-04]
Document 65
[7.10745085e-01 1.23304562e-04 7.63581713e-02 1.52090921e-01
 6.00659956e-02 1.23304562e-04 1.23304562e-04 1.23304562e-04
 1.23304562e-04 1.23304562e-04]
Document 66
[2.07900208e-04 2.07900208e-04 2.07900208e-04 7.13364754e-01
 2.84972044e-01 2.07900208e-04 2.07900208e-04 2.07900208e-04
 2.07900208e-04 2.07900208e-04]
Document 67
[6.62251656e-04 6.62251656e-04 6.62251656e-04 1.78086615e-01
 6.62251656e-04 6.62251656e-04 6.62251656e-04 6.62251656e-04
 8.16615372e-01 6.62251656e-04]
Document 68
[3.05982596e-02 9.42507069e-05 6.50396734e-02 9.42507069e-05
 1.43282561e-01 9.42507069e-05 9.42507069e-05 9.42507069e-05
 7.60514002e-01 9.42507069e-05]
Document 69
[0.00076336 0.2107723  0.00076336 0.00076336 0.00076336 0.00076336
 0.65697717 0.00076336 0.12690702 0.00076336]
Document 70
[2.62467192e-04 2.62467192e-04 2.62467192e-04 1.80498592e-01
 2.62467192e-04 2.62467192e-04 2.62467192e-04 2.62467192e-04
 7.44172350e-01 7.34917882e-02]
Document 71
[7.34753857e-05 3.11181143e-02 1.24182306e-02 1.88303897e-01
 7.67718905e-01 7.34753857e-05 7.34753857e-05 7.34753857e-05
 7.34753857e-05 7.34753857e-05]
Document 72
[2.69541779e-04 2.69541779e-04 2.69541779e-04 2.30706458e-01
 7.67137208e-01 2.69541779e-04 2.69541779e-04 2.69541779e-04
 2.69541779e-04 2.69541779e-04]
Document 73
[2.76177695e-01 7.50792653e-03 4.14937759e-04 4.14937759e-04
 4.60811206e-01 4.14937759e-04 4.14937759e-04 4.14937759e-04
 2.53013546e-01 4.14937759e-04]
Document 74
[2.49376559e-04 9.00218042e-01 9.77869459e-02 2.49376559e-04
 2.49376559e-04 2.49376559e-04 2.49376559e-04 2.49376559e-04
 2.49376559e-04 2.49376559e-04]
Document 75
[2.77008310e-04 2.77008310e-04 2.77008310e-04 4.56474823e-01
 2.77008310e-04 2.77008310e-04 2.73554130e-01 2.77008310e-04
 2.68031989e-01 2.77008310e-04]
Document 76
[9.99000999e-05 9.99000999e-05 9.99000999e-05 1.92472334e-01
 9.99000999e-05 8.06728465e-01 9.99000999e-05 9.99000999e-05
 9.99000999e-05 9.99000999e-05]
Document 77
[1.69204738e-04 1.69204738e-04 1.69204738e-04 8.46077371e-01
 1.69204738e-04 1.52568991e-01 1.69204738e-04 1.69204738e-04
 1.69204738e-04 1.69204738e-04]
Document 78
[2.12314225e-04 2.12314225e-04 2.12314225e-04 7.28283536e-01
 2.12314225e-04 2.12314225e-04 2.12314225e-04 2.12314225e-04
 2.12314225e-04 2.70017950e-01]
Document 79
[4.73933649e-04 4.73933649e-04 4.73933649e-04 2.11761000e-01
 4.73933649e-04 7.84447531e-01 4.73933649e-04 4.73933649e-04
 4.73933649e-04 4.73933649e-04]
Document 80
[0.00082645 0.00082645 0.00082645 0.35086789 0.00082645 0.64252054
 0.00082645 0.00082645 0.00082645 0.00082645]
Document 81
[4.17539711e-01 1.08577633e-04 1.08577633e-04 3.11827148e-01
 1.08577633e-04 9.74936680e-02 1.00504203e-01 1.08577633e-04
 1.08577633e-04 7.20923819e-02]
Document 82
[2.32018561e-04 8.78496862e-02 2.32018561e-04 8.07640816e-01
 2.32018561e-04 1.02885368e-01 2.32018561e-04 2.32018561e-04
 2.32018561e-04 2.32018561e-04]
Document 83
[3.11526480e-04 5.09674733e-01 3.11526480e-04 1.99497919e-01
 3.11526480e-04 3.11526480e-04 3.11526480e-04 3.11526480e-04
 2.88646663e-01 3.11526480e-04]
Document 84
[9.99000999e-05 4.53425635e-01 9.99000999e-05 4.14620960e-01
 9.99000999e-05 2.58320295e-02 9.99000999e-05 9.99000999e-05
 1.05521974e-01 9.99000999e-05]
Document 85
[3.32225914e-04 3.32225914e-04 9.20884288e-02 8.09182680e-01
 9.64033096e-02 3.32225914e-04 3.32225914e-04 3.32225914e-04
 3.32225914e-04 3.32225914e-04]
Document 86
[4.32900433e-04 4.32900433e-04 6.05560454e-02 4.32900433e-04
 4.32900433e-04 4.32900433e-04 6.58299986e-01 4.32900433e-04
 2.78113666e-01 4.32900433e-04]
Document 87
[7.63358779e-04 7.63358779e-04 7.63358779e-04 9.93129771e-01
 7.63358779e-04 7.63358779e-04 7.63358779e-04 7.63358779e-04
 7.63358779e-04 7.63358779e-04]
Document 88
[2.55754476e-04 2.55754476e-04 2.71413619e-01 1.88217025e-01
 2.55754476e-04 3.95324305e-02 4.90781260e-01 8.77689211e-03
 2.55754476e-04 2.55754476e-04]
Document 89
[3.32225914e-04 3.32225914e-04 4.43217901e-01 3.32225914e-04
 3.32225914e-04 5.54124292e-01 3.32225914e-04 3.32225914e-04
 3.32225914e-04 3.32225914e-04]
Document 90
[0.0704744  0.0005848  0.19877326 0.0005848  0.21285333 0.33379689
 0.18117813 0.0005848  0.0005848  0.0005848 ]
Document 91
[6.21118012e-04 6.21118012e-04 6.21118012e-04 6.21118012e-04
 6.21118012e-04 9.94409938e-01 6.21118012e-04 6.21118012e-04
 6.21118012e-04 6.21118012e-04]
Document 92
[2.16919740e-04 2.16919740e-04 4.15321213e-01 1.33111677e-01
 2.16919740e-04 2.56474841e-01 1.93790751e-01 2.16919740e-04
 2.16919740e-04 2.16919740e-04]
Document 93
[2.16919740e-04 2.16919740e-04 6.95180765e-02 5.22425438e-01
 2.16919740e-04 2.16919740e-04 2.16919740e-04 2.16919740e-04
 4.06538047e-01 2.16919740e-04]
Document 94
[2.32018561e-04 2.32018561e-04 2.32018561e-04 3.34413598e-01
 2.32018561e-04 6.63730254e-01 2.32018561e-04 2.32018561e-04
 2.32018561e-04 2.32018561e-04]
Document 95
[4.22270292e-02 1.84662222e-01 9.53647539e-02 1.46842878e-04
 1.73318579e-01 1.46842878e-04 1.15686376e-01 1.46842878e-04
 3.88153669e-01 1.46842878e-04]
Document 96
[0.0009009  0.0009009  0.13139095 0.3644287  0.31076017 0.0009009
 0.0009009  0.18801477 0.0009009  0.0009009 ]
Document 97
[1.78253119e-04 1.78253119e-04 5.22006171e-01 1.78253119e-04
 2.07813717e-01 2.68932341e-01 1.78253119e-04 1.78253119e-04
 1.78253119e-04 1.78253119e-04]
Document 98
[0.00123457 0.57330699 0.17938919 0.00123457 0.00123457 0.00123457
 0.00123457 0.00123457 0.00123457 0.23866184]
Document 99
[0.00140845 0.00140845 0.00140845 0.00140845 0.00140845 0.98732394
 0.00140845 0.00140845 0.00140845 0.00140845]
Document 100
[6.70690812e-05 6.70690812e-05 2.24239660e-01 3.80019592e-01
 6.70690812e-05 3.95271265e-01 6.70690812e-05 6.70690812e-05
 6.70690812e-05 6.70690812e-05]
Document 101
[0.15556232 0.05274708 0.00047393 0.00047393 0.3028817  0.00047393
 0.34531254 0.00047393 0.14112669 0.00047393]
Document 102
[2.69541779e-04 2.69541779e-04 2.69541779e-04 8.48740696e-02
 1.09795666e-01 2.69541779e-04 2.69541779e-04 2.69541779e-04
 2.69541779e-04 8.03443472e-01]
Document 103
[0.14435887 0.36745856 0.00047393 0.1998668  0.00047393 0.00047393
 0.28547217 0.00047393 0.00047393 0.00047393]
Document 104
[1.24843945e-04 1.24843945e-04 1.34942846e-01 7.71073541e-02
 1.24843945e-04 1.24843945e-04 1.24843945e-04 1.24843945e-04
 1.27853287e-02 7.74415407e-01]
Document 105
[0.0010989  0.0010989  0.0010989  0.0010989  0.0010989  0.0010989
 0.0010989  0.0010989  0.62504553 0.36616326]
Document 106
[2.16919740e-04 2.16919740e-04 2.16919740e-04 8.12931269e-01
 2.16919740e-04 2.16919740e-04 2.16919740e-04 2.16919740e-04
 1.85333373e-01 2.16919740e-04]
Document 107
[1.61030596e-04 5.06587803e-01 1.61030596e-04 4.92123952e-01
 1.61030596e-04 1.61030596e-04 1.61030596e-04 1.61030596e-04
 1.61030596e-04 1.61030596e-04]
Document 108
[1.14810563e-04 2.33972045e-01 1.14810563e-04 3.50818791e-01
 1.14810563e-04 2.27543526e-01 7.85902962e-02 1.14810563e-04
 1.14810563e-04 1.08501290e-01]
Document 109
[1.49031297e-04 1.49031297e-04 1.91099078e-01 6.00246522e-01
 3.02347629e-02 1.49031297e-04 1.49031297e-04 1.49031297e-04
 1.49031297e-04 1.77525450e-01]
Document 110
[3.24255855e-01 2.62467192e-04 2.62467192e-04 3.14411707e-01
 1.39826991e-01 9.45990820e-02 2.62467192e-04 2.62467192e-04
 2.62467192e-04 1.25594030e-01]
Document 111
[7.50371795e-03 1.58478605e-04 1.83558343e-01 3.12877304e-01
 1.58478605e-04 3.12684545e-01 1.58478605e-04 1.58478605e-04
 1.58478605e-04 1.82583698e-01]
Document 112
[2.21614673e-01 1.88323917e-04 2.65592009e-01 5.11475051e-01
 1.88323917e-04 1.88323917e-04 1.88323917e-04 1.88323917e-04
 1.88323917e-04 1.88323917e-04]
Document 113
[3.43642612e-04 3.43642612e-04 3.43642612e-04 4.81031927e-01
 3.43642612e-04 3.43642612e-04 2.83967760e-01 3.43642612e-04
 2.32594814e-01 3.43642612e-04]
Document 114
[7.08717222e-05 7.08717222e-05 7.08717222e-05 3.14033939e-01
 7.08717222e-05 7.08717222e-05 7.08717222e-05 7.08717222e-05
 7.08717222e-05 6.85399087e-01]
Document 115
[0.00076336 0.00076336 0.00076336 0.00076336 0.00076336 0.00076336
 0.00076336 0.24772129 0.00076336 0.74617184]
Document 116
[2.32018561e-04 2.32018561e-04 2.32018561e-04 2.09486715e-01
 2.32018561e-04 2.32018561e-04 2.32018561e-04 2.32018561e-04
 2.32018561e-04 7.88657136e-01]
Document 117
[4.97512438e-04 4.97512438e-04 4.97512438e-04 6.59120515e-01
 4.97512438e-04 4.97512438e-04 4.97512438e-04 4.97512438e-04
 4.97512438e-04 3.36899385e-01]
Document 118
[4.02451094e-01 1.99600798e-04 1.99600798e-04 1.62676778e-01
 1.99600798e-04 1.99600798e-04 1.99600798e-04 7.42928555e-02
 1.99600798e-04 3.59381668e-01]
Document 119
[2.07900208e-04 2.07900208e-04 2.07900208e-04 4.25476076e-01
 2.07900208e-04 2.07900208e-04 1.32605008e-01 2.07900208e-04
 1.98981414e-01 2.41690100e-01]
Document 120
[1.08577633e-04 1.08577633e-04 1.08577633e-04 3.92752519e-01
 1.08577633e-04 1.08577633e-04 1.08577633e-04 1.08577633e-04
 7.53655639e-02 5.31121874e-01]
Document 121
[3.55871886e-04 3.55871886e-04 3.55871886e-04 3.55871886e-04
 3.55871886e-04 3.55871886e-04 3.55871886e-04 3.55871886e-04
 3.55871886e-04 9.96797153e-01]
Document 122
[3.98406375e-04 3.98406375e-04 3.98406375e-04 3.46266760e-01
 3.98406375e-04 3.98406375e-04 3.98406375e-04 3.98406375e-04
 3.98406375e-04 6.50545989e-01]
Document 123
[4.46646714e-01 2.07900208e-04 2.07900208e-04 3.95645817e-01
 2.07900208e-04 1.56252167e-01 2.07900208e-04 2.07900208e-04
 2.07900208e-04 2.07900208e-04]
Document 124
[7.09219858e-04 7.09219858e-04 7.09219858e-04 7.09219858e-04
 7.09219858e-04 7.09219858e-04 7.09219858e-04 7.09219858e-04
 7.09219858e-04 9.93617021e-01]
Document 125
[0.00052356 0.00052356 0.00052356 0.41325534 0.00052356 0.00052356
 0.00052356 0.07331038 0.13906516 0.37122777]
Document 126
[4.87567040e-05 1.08708190e-01 4.87567040e-05 4.96176146e-01
 4.87567040e-05 8.47768738e-02 2.94644951e-02 4.87567040e-05
 7.77017941e-02 2.02977475e-01]
Document 127
[5.03188982e-01 2.03665988e-04 5.50042092e-02 4.40381147e-01
 2.03665988e-04 2.03665988e-04 2.03665988e-04 2.03665988e-04
 2.03665988e-04 2.03665988e-04]
Document 128
[4.14937759e-04 4.14937759e-04 4.14937759e-04 3.79731983e-01
 4.14937759e-04 4.14937759e-04 4.14937759e-04 4.14937759e-04
 6.16948515e-01 4.14937759e-04]
Document 129
[1.29701686e-04 1.29701686e-04 1.29701686e-04 4.19317302e-01
 1.29701686e-04 1.29701686e-04 1.59992907e-01 4.68204543e-02
 3.73091126e-01 1.29701686e-04]
Document 130
[1.07698546e-01 4.87421196e-02 1.75131349e-04 8.42333415e-01
 1.75131349e-04 1.75131349e-04 1.75131349e-04 1.75131349e-04
 1.75131349e-04 1.75131349e-04]
Document 131
[1.42904419e-01 2.12314225e-04 2.12314225e-04 6.91493943e-01
 2.12314225e-04 2.12314225e-04 2.12314225e-04 2.12314225e-04
 1.64115439e-01 2.12314225e-04]
Document 132
[1.10646075e-01 1.72117040e-04 1.72117040e-04 8.87976989e-01
 1.72117040e-04 1.72117040e-04 1.72117040e-04 1.72117040e-04
 1.72117040e-04 1.72117040e-04]
Document 133
[2.26757370e-04 2.26757370e-04 2.68364873e-01 5.94885849e-01
 2.26757370e-04 2.26757370e-04 2.26757370e-04 2.26757370e-04
 1.35161976e-01 2.26757370e-04]
Document 134
[2.37529691e-04 2.37529691e-04 2.37529691e-04 2.80880898e-01
 1.37610772e-01 2.37529691e-04 2.72331854e-01 2.37529691e-04
 3.07751298e-01 2.37529691e-04]
Document 135
[2.04209942e-01 3.38745119e-01 1.23304562e-04 1.85226414e-01
 1.04795076e-01 1.23304562e-04 1.23304562e-04 1.23304562e-04
 1.66406927e-01 1.23304562e-04]
Document 136
[3.32225914e-04 3.32225914e-04 3.32225914e-04 1.93252514e-01
 3.32225914e-04 3.32225914e-04 3.32225914e-04 3.32225914e-04
 8.04089679e-01 3.32225914e-04]
Document 137
[2.67710244e-01 9.11895887e-02 2.43309002e-04 2.43309002e-04
 2.43309002e-04 1.71635306e-01 2.43309002e-04 2.43309002e-04
 4.68005007e-01 2.43309002e-04]
Document 138
[1.99600798e-04 1.10591584e-01 1.51087945e-01 1.99600798e-04
 1.42720014e-01 4.11720608e-01 1.99600798e-04 1.99600798e-04
 1.82881846e-01 1.99600798e-04]
Document 139
[0.00062112 0.00062112 0.00062112 0.39103701 0.00062112 0.00062112
 0.29155259 0.00062112 0.31306257 0.00062112]
Document 140
[0.00082645 0.00082645 0.00082645 0.00082645 0.00082645 0.00082645
 0.23867685 0.00082645 0.75471158 0.00082645]
Document 141
[1.57319140e-01 3.43642612e-04 3.43642612e-04 3.34335258e-01
 3.43642612e-04 1.44695747e-01 3.61587999e-01 3.43642612e-04
 3.43642612e-04 3.43642612e-04]
Document 142
[7.27394338e-01 2.71008856e-01 1.99600798e-04 1.99600798e-04
 1.99600798e-04 1.99600798e-04 1.99600798e-04 1.99600798e-04
 1.99600798e-04 1.99600798e-04]
Document 143
[2.35750249e-02 9.78646205e-02 6.66222518e-05 8.31283445e-01
 6.66222518e-05 6.66222518e-05 6.66222518e-05 6.66222518e-05
 4.68771757e-02 6.66222518e-05]
Document 144
[0.1 0.1 0.1 0.1 0.1 0.1 0.1 0.1 0.1 0.1]
Document 145
[0.00082645 0.00082645 0.00082645 0.00082645 0.00082645 0.00082645
 0.271984   0.00082645 0.72140443 0.00082645]
Document 146
[1.56006240e-04 3.58452542e-02 1.56006240e-04 7.06524724e-01
 1.56006240e-04 1.56006240e-04 3.15399400e-02 1.56006240e-04
 2.25154044e-01 1.56006240e-04]
Document 147
[1.69204738e-04 1.69204738e-04 1.41996513e-01 3.97238859e-01
 2.24337481e-01 1.69204738e-04 1.28639361e-01 1.69204738e-04
 1.06941762e-01 1.69204738e-04]
Document 148
[1.91938580e-04 6.46448192e-01 1.91938580e-04 1.85323337e-01
 1.91938580e-04 1.91938580e-04 1.66884901e-01 1.91938580e-04
 1.91938580e-04 1.91938580e-04]
Document 149
[7.58177851e-02 7.17776062e-02 1.51285930e-04 6.30585171e-01
 1.51285930e-04 1.51285930e-04 1.51285930e-04 1.51285930e-04
 1.51285930e-04 2.20911723e-01]
Document 150
[3.45685109e-02 6.30797087e-02 5.81057525e-05 7.71633310e-01
 5.81057525e-05 1.06435540e-01 2.39924008e-02 5.81057525e-05
 5.81057525e-05 5.81057525e-05]
Document 151
[1.28040973e-04 1.28040974e-04 1.28040973e-04 4.73761971e-01
 3.89329134e-02 2.90172334e-01 1.03614335e-01 1.28040973e-04
 9.28782427e-02 1.28040973e-04]
Document 152
[1.49031297e-04 1.19333355e-01 1.49031297e-04 5.73470937e-01
 1.49031297e-04 3.06152488e-01 1.49031297e-04 1.49031297e-04
 1.49031297e-04 1.49031297e-04]
Document 153
[1.17869044e-01 2.03665988e-04 2.03665988e-04 5.95995222e-01
 2.03665988e-04 1.56239042e-01 2.03665988e-04 2.03665988e-04
 1.28674697e-01 2.03665988e-04]
Document 154
[9.99000999e-05 9.99000999e-05 9.99000999e-05 1.06750473e-01
 8.92450327e-01 9.99000999e-05 9.99000999e-05 9.99000999e-05
 9.99000999e-05 9.99000999e-05]
Document 155
[5.38435533e-02 3.69003690e-04 3.69003690e-04 3.69003690e-04
 6.39216400e-01 3.69003690e-04 3.04357021e-01 3.69003690e-04
 3.69003690e-04 3.69003690e-04]
Document 156
[1.69204738e-04 1.69204738e-04 1.69204738e-04 4.86365006e-01
 5.12281356e-01 1.69204738e-04 1.69204738e-04 1.69204738e-04
 1.69204738e-04 1.69204738e-04]
Document 157
[0.11972265 0.00076336 0.00076336 0.24878078 0.62615306 0.00076336
 0.00076336 0.00076336 0.00076336 0.00076336]
Document 158
[4.18620400e-03 2.58103404e-01 3.84037596e-02 1.02986612e-04
 2.94517717e-01 1.02986612e-04 1.48801843e-01 1.02986612e-04
 2.55575126e-01 1.02986612e-04]
Document 159
[3.02114804e-04 3.02114804e-04 3.02114804e-04 8.20496440e-01
 1.77086641e-01 3.02114804e-04 3.02114804e-04 3.02114804e-04
 3.02114804e-04 3.02114804e-04]
Document 160
[1.40646976e-04 1.40646976e-04 3.67574029e-01 1.38483555e-01
 3.54967910e-01 1.40646976e-04 1.38130624e-01 1.40646976e-04
 1.40646976e-04 1.40646976e-04]
Document 161
[0.0009901  0.0009901  0.11867653 0.0009901  0.65735429 0.0009901
 0.0009901  0.0009901  0.21703849 0.0009901 ]
Document 162
[3.55871886e-04 3.55871886e-04 3.55871886e-04 2.06231221e-01
 1.53423835e-01 3.55871886e-04 3.80999117e-01 3.55871886e-04
 3.55871886e-04 2.57210596e-01]
Document 163
[3.75041623e-01 3.43642612e-04 3.43642612e-04 3.32739613e-01
 1.57386860e-01 3.43642612e-04 3.43642612e-04 1.32770049e-01
 3.43642612e-04 3.43642612e-04]
Document 164
[9.08265213e-05 9.08265213e-05 2.73504383e-01 4.96189236e-02
 5.16203302e-02 9.08265213e-05 5.76128225e-01 9.08265213e-05
 4.86740063e-02 9.08265213e-05]
Document 165
[1.75131349e-04 1.75131349e-04 5.18660683e-02 7.64092785e-01
 1.75131349e-04 1.75131349e-04 1.82815227e-01 1.75131349e-04
 1.75131349e-04 1.75131349e-04]
Document 166
[7.09219858e-04 7.09219858e-04 7.09219858e-04 7.09219858e-04
 9.93617021e-01 7.09219858e-04 7.09219858e-04 7.09219858e-04
 7.09219858e-04 7.09219858e-04]
Document 167
[6.65834453e-02 5.58347292e-05 5.58347292e-05 7.83019633e-02
 3.08204034e-01 1.49451324e-01 4.82778109e-02 5.58347292e-05
 2.66517345e-01 8.24965728e-02]
Document 168
[3.32225914e-04 3.32225914e-04 8.82745979e-02 3.32225914e-04
 4.88580712e-01 2.17546376e-01 3.32225914e-04 3.32225914e-04
 3.32225914e-04 2.03604959e-01]
Document 169
[1.16144019e-04 4.45582473e-02 9.11845946e-01 1.16144019e-04
 4.27827990e-02 1.16144019e-04 1.16144019e-04 1.16144019e-04
 1.16144019e-04 1.16144019e-04]
Document 170
[1.02986612e-04 1.43690565e-01 4.12748613e-01 3.01932844e-01
 5.20876154e-03 5.69859087e-02 6.51121519e-02 1.02986612e-04
 1.40121971e-02 1.02986612e-04]
Document 171
[4.32900433e-04 4.32900433e-04 4.32900433e-04 7.41726910e-01
 4.32900433e-04 6.99480988e-02 4.32900433e-04 4.32900433e-04
 1.85294689e-01 4.32900433e-04]
Document 172
[2.16919740e-04 2.16919740e-04 8.69179481e-01 1.29085161e-01
 2.16919740e-04 2.16919740e-04 2.16919740e-04 2.16919740e-04
 2.16919740e-04 2.16919740e-04]
Document 173
[2.49376559e-04 1.87742616e-01 4.15180757e-01 3.44255078e-01
 2.49376559e-04 2.49376559e-04 2.49376559e-04 2.49376559e-04
 2.49376559e-04 5.13252888e-02]
Document 174
[1.16144019e-04 1.16144019e-04 1.16144019e-04 1.16144019e-04
 1.16144019e-04 1.30215556e-02 1.16144019e-04 1.16144019e-04
 1.16144019e-04 9.86049292e-01]
Document 175
[5.94883998e-05 4.19750874e-02 5.94883998e-05 9.61230507e-02
 2.43705613e-01 2.13868331e-02 3.56267746e-02 5.94883998e-05
 5.94883998e-05 5.60944688e-01]
Document 176
[2.56065436e-01 8.61326443e-05 6.59245031e-02 8.61326443e-05
 8.14983778e-02 8.61326443e-05 8.39346127e-02 8.61326443e-05
 8.61326443e-05 5.12146407e-01]
Document 177
[0.00070922 0.00070922 0.00070922 0.63147205 0.36285419 0.00070922
 0.00070922 0.00070922 0.00070922 0.00070922]
Document 178
[1.29701686e-04 7.20078231e-02 1.29701686e-04 1.29701686e-04
 2.41481987e-01 5.59996736e-01 7.98768494e-02 1.29701686e-04
 4.59880961e-02 1.29701686e-04]
Document 179
[8.46917997e-02 2.69541779e-04 2.69541779e-04 2.69541779e-04
 2.69541779e-04 9.13151866e-01 2.69541779e-04 2.69541779e-04
 2.69541779e-04 2.69541779e-04]
Document 180
[4.14937759e-04 4.14937759e-04 4.14937759e-04 4.31702337e-01
 4.14937759e-04 5.64978161e-01 4.14937759e-04 4.14937759e-04
 4.14937759e-04 4.14937759e-04]
Document 181
[0.18463904 0.15366557 0.11532518 0.2481188  0.00026954 0.22226503
 0.00026954 0.00026954 0.0749082  0.00026954]
Document 182
[1.81488203e-04 1.81488203e-04 1.35795415e-01 1.81488203e-04
 1.81488203e-04 1.81488203e-04 1.81488203e-04 1.81488203e-04
 4.48400840e-01 4.14533327e-01]
Document 183
[1.99600798e-04 1.99600798e-04 4.88699816e-02 1.81898668e-01
 4.68888901e-04 7.67564857e-01 1.99600798e-04 1.99600798e-04
 1.99600798e-04 1.99600798e-04]
Document 184
[8.76424189e-05 4.23148734e-02 3.41985048e-01 2.93557715e-01
 4.86445795e-04 6.95418957e-02 2.51763452e-01 8.76424189e-05
 8.76424189e-05 8.76424189e-05]
Document 185
[2.69541779e-04 2.69541779e-04 2.69541779e-04 2.69541779e-04
 2.69541779e-04 2.69541779e-04 2.69541779e-04 3.67163889e-02
 9.61127277e-01 2.69541779e-04]
Document 186
[6.28192282e-02 2.36967161e-02 6.61813369e-05 2.86982462e-01
 6.61813369e-05 3.47089479e-02 6.61813369e-05 6.61813369e-05
 5.91461739e-01 6.61813369e-05]
Document 187
[1.85432284e-01 2.77651766e-02 1.44717800e-04 2.17352964e-01
 1.44717800e-04 1.44717800e-04 1.77028073e-01 1.44717800e-04
 2.66691536e-01 1.25151095e-01]
Document 188
[2.42740491e-01 1.91979667e-01 1.36798906e-04 3.45086018e-01
 1.36798906e-04 1.94900708e-01 1.36798906e-04 1.36798906e-04
 2.46091205e-02 1.36798906e-04]
Document 189
[6.43956043e-01 3.98406375e-04 3.98406375e-04 3.52856706e-01
 3.98406375e-04 3.98406375e-04 3.98406375e-04 3.98406375e-04
 3.98406375e-04 3.98406375e-04]
Document 190
[5.45738678e-01 2.29641008e-01 2.43309002e-04 2.22917151e-01
 2.43309002e-04 2.43309002e-04 2.43309002e-04 2.43309002e-04
 2.43309002e-04 2.43309002e-04]
Document 191
[1.29129264e-01 1.58478605e-04 4.96043712e-02 1.58478605e-04
 1.58478605e-04 3.67170649e-01 1.58478605e-04 1.58478605e-04
 4.53144845e-01 1.58478605e-04]
Document 192
[3.80445931e-01 1.27681565e-01 2.29132380e-01 3.55871886e-04
 3.55871886e-04 3.55871886e-04 2.60604892e-01 3.55871886e-04
 3.55871886e-04 3.55871886e-04]
Document 193
[2.05927742e-02 2.62640345e-01 8.84173298e-05 7.16147960e-01
 8.84173298e-05 8.84173298e-05 8.84173298e-05 8.84173298e-05
 8.84173298e-05 8.84173298e-05]
Document 194
[2.49376559e-04 2.49376559e-04 1.80428051e-01 8.17576936e-01
 2.49376559e-04 2.49376559e-04 2.49376559e-04 2.49376559e-04
 2.49376559e-04 2.49376559e-04]
Document 195
[3.55871886e-04 5.78460917e-01 3.55871886e-04 4.18692108e-01
 3.55871886e-04 3.55871886e-04 3.55871886e-04 3.55871886e-04
 3.55871886e-04 3.55871886e-04]
Document 196
[0.00076336 0.00076336 0.00076336 0.63382411 0.00076336 0.00076336
 0.00076336 0.00076336 0.36006902 0.00076336]
Document 197
[0.1 0.1 0.1 0.1 0.1 0.1 0.1 0.1 0.1 0.1]
Document 198
[6.85517017e-02 1.13507378e-04 1.13507378e-04 3.62522548e-01
 1.13507378e-04 1.13507378e-04 1.13507378e-04 1.13507378e-04
 4.12934368e-01 1.55310339e-01]
Document 199
[2.69541779e-04 2.69541779e-04 2.69541779e-04 4.11097143e-01
 2.69541779e-04 2.69541779e-04 2.69541779e-04 2.69541779e-04
 5.86746523e-01 2.69541779e-04]
Document 200
[3.89969557e-01 3.21543408e-04 3.21543408e-04 3.21543408e-04
 3.21543408e-04 9.81266940e-02 4.54152079e-01 5.58224098e-02
 3.21543408e-04 3.21543408e-04]
